 3.78197014331818E-0001
 3.20930004119873E-0001
 2.18357429504395E+0001
 4.26048278808594E+0000
 3.20930004119873E-0001
 2.13246307373047E+0001
 3.74035501480103E+0000
 2.26207304000854E+0000
 2.13246307373047E+0001
 3.78197014331818E-0001
 3.20930004119873E-0001
 2.18357429504395E+0001
 3.74035501480103E+0000
 2.26207304000854E+0000
 2.13246307373047E+0001
 2.31933999061584E+0000
 3.68308806419373E+0000
 2.13246307373047E+0001
 3.78197014331818E-0001
 3.20930004119873E-0001
 2.18357429504395E+0001
 2.31933999061584E+0000
 3.68308806419373E+0000
 2.13246307373047E+0001
 3.78197014331818E-0001
 4.20321607589722E+0000
 2.13246307373047E+0001
 3.78197014331818E-0001
 3.20930004119873E-0001
 2.18357429504395E+0001
 3.78197014331818E-0001
 4.20321607589722E+0000
 2.13246307373047E+0001
-1.56294596195221E+0000
 3.68308806419373E+0000
 2.13246307373047E+0001
 3.78197014331818E-0001
 3.20930004119873E-0001
 2.18357429504395E+0001
-1.56294596195221E+0000
 3.68308806419373E+0000
 2.13246307373047E+0001
-2.98396205902100E+0000
 2.26207208633423E+0000
 2.13246307373047E+0001
 3.78197014331818E-0001
 3.20930004119873E-0001
 2.18357429504395E+0001
-2.98396205902100E+0000
 2.26207208633423E+0000
 2.13246307373047E+0001
-3.50408911705017E+0000
 3.20928990840912E-0001
 2.13246307373047E+0001
 3.78197014331818E-0001
 3.20930004119873E-0001
 2.18357429504395E+0001
-3.50408911705017E+0000
 3.20928990840912E-0001
 2.13246307373047E+0001
-2.98396110534668E+0000
-1.62021398544312E+0000
 2.13246307373047E+0001
 3.78197014331818E-0001
 3.20930004119873E-0001
 2.18357429504395E+0001
-2.98396110534668E+0000
-1.62021398544312E+0000
 2.13246307373047E+0001
-1.56294596195221E+0000
-3.04122900962830E+0000
 2.13246307373047E+0001
 3.78197014331818E-0001
 3.20930004119873E-0001
 2.18357429504395E+0001
-1.56294596195221E+0000
-3.04122900962830E+0000
 2.13246307373047E+0001
 3.78197014331818E-0001
-3.56135606765747E+0000
 2.13246307373047E+0001
 3.78197014331818E-0001
 3.20930004119873E-0001
 2.18357429504395E+0001
 3.78197014331818E-0001
-3.56135606765747E+0000
 2.13246307373047E+0001
 2.31933999061584E+0000
-3.04122805595398E+0000
 2.13246307373047E+0001
 3.78197014331818E-0001
 3.20930004119873E-0001
 2.18357429504395E+0001
 2.31933999061584E+0000
-3.04122805595398E+0000
 2.13246307373047E+0001
 3.74035501480103E+0000
-1.62021303176880E+0000
 2.13246307373047E+0001
 3.78197014331818E-0001
 3.20930004119873E-0001
 2.18357429504395E+0001
 3.74035501480103E+0000
-1.62021303176880E+0000
 2.13246307373047E+0001
 4.26048278808594E+0000
 3.20930004119873E-0001
 2.13246307373047E+0001
 4.26048278808594E+0000
 3.20930004119873E-0001
 2.13246307373047E+0001
 7.87819719314575E+0000
 3.20930004119873E-0001
 1.98261222839355E+0001
 6.87338685989380E+0000
 4.07093000411987E+0000
 1.98261222839355E+0001
 4.26048278808594E+0000
 3.20930004119873E-0001
 2.13246307373047E+0001
 6.87338685989380E+0000
 4.07093000411987E+0000
 1.98261222839355E+0001
 3.74035501480103E+0000
 2.26207304000854E+0000
 2.13246307373047E+0001
 3.74035501480103E+0000
 2.26207304000854E+0000
 2.13246307373047E+0001
 6.87338685989380E+0000
 4.07093000411987E+0000
 1.98261222839355E+0001
 4.12819719314575E+0000
 6.81612110137939E+0000
 1.98261222839355E+0001
 3.74035501480103E+0000
 2.26207304000854E+0000
 2.13246307373047E+0001
 4.12819719314575E+0000
 6.81612110137939E+0000
 1.98261222839355E+0001
 2.31933999061584E+0000
 3.68308806419373E+0000
 2.13246307373047E+0001
 2.31933999061584E+0000
 3.68308806419373E+0000
 2.13246307373047E+0001
 4.12819719314575E+0000
 6.81612110137939E+0000
 1.98261222839355E+0001
 3.78196001052856E-0001
 7.82093000411987E+0000
 1.98261222839355E+0001
 2.31933999061584E+0000
 3.68308806419373E+0000
 2.13246307373047E+0001
 3.78196001052856E-0001
 7.82093000411987E+0000
 1.98261222839355E+0001
 3.78197014331818E-0001
 4.20321607589722E+0000
 2.13246307373047E+0001
 3.78197014331818E-0001
 4.20321607589722E+0000
 2.13246307373047E+0001
 3.78196001052856E-0001
 7.82093000411987E+0000
 1.98261222839355E+0001
-3.37180399894714E+0000
 6.81612014770508E+0000
 1.98261222839355E+0001
 3.78197014331818E-0001
 4.20321607589722E+0000
 2.13246307373047E+0001
-3.37180399894714E+0000
 6.81612014770508E+0000
 1.98261222839355E+0001
-1.56294596195221E+0000
 3.68308806419373E+0000
 2.13246307373047E+0001
-1.56294596195221E+0000
 3.68308806419373E+0000
 2.13246307373047E+0001
-3.37180399894714E+0000
 6.81612014770508E+0000
 1.98261222839355E+0001
-6.11699390411377E+0000
 4.07093000411987E+0000
 1.98261222839355E+0001
-1.56294596195221E+0000
 3.68308806419373E+0000
 2.13246307373047E+0001
-6.11699390411377E+0000
 4.07093000411987E+0000
 1.98261222839355E+0001
-2.98396205902100E+0000
 2.26207208633423E+0000
 2.13246307373047E+0001
-2.98396205902100E+0000
 2.26207208633423E+0000
 2.13246307373047E+0001
-6.11699390411377E+0000
 4.07093000411987E+0000
 1.98261222839355E+0001
-7.12180280685425E+0000
 3.20928990840912E-0001
 1.98261222839355E+0001
-2.98396205902100E+0000
 2.26207208633423E+0000
 2.13246307373047E+0001
-7.12180280685425E+0000
 3.20928990840912E-0001
 1.98261222839355E+0001
-3.50408911705017E+0000
 3.20928990840912E-0001
 2.13246307373047E+0001
-3.50408911705017E+0000
 3.20928990840912E-0001
 2.13246307373047E+0001
-7.12180280685425E+0000
 3.20928990840912E-0001
 1.98261222839355E+0001
-6.11699295043945E+0000
-3.42907094955444E+0000
 1.98261222839355E+0001
-3.50408911705017E+0000
 3.20928990840912E-0001
 2.13246307373047E+0001
-6.11699295043945E+0000
-3.42907094955444E+0000
 1.98261222839355E+0001
-2.98396110534668E+0000
-1.62021398544312E+0000
 2.13246307373047E+0001
-2.98396110534668E+0000
-1.62021398544312E+0000
 2.13246307373047E+0001
-6.11699295043945E+0000
-3.42907094955444E+0000
 1.98261222839355E+0001
-3.37180304527283E+0000
-6.17426204681396E+0000
 1.98261222839355E+0001
-2.98396110534668E+0000
-1.62021398544312E+0000
 2.13246307373047E+0001
-3.37180304527283E+0000
-6.17426204681396E+0000
 1.98261222839355E+0001
-1.56294596195221E+0000
-3.04122900962830E+0000
 2.13246307373047E+0001
-1.56294596195221E+0000
-3.04122900962830E+0000
 2.13246307373047E+0001
-3.37180304527283E+0000
-6.17426204681396E+0000
 1.98261222839355E+0001
 3.78197997808456E-0001
-7.17906999588013E+0000
 1.98261222839355E+0001
-1.56294596195221E+0000
-3.04122900962830E+0000
 2.13246307373047E+0001
 3.78197997808456E-0001
-7.17906999588013E+0000
 1.98261222839355E+0001
 3.78197014331818E-0001
-3.56135606765747E+0000
 2.13246307373047E+0001
 3.78197014331818E-0001
-3.56135606765747E+0000
 2.13246307373047E+0001
 3.78197997808456E-0001
-7.17906999588013E+0000
 1.98261222839355E+0001
 4.12819814682007E+0000
-6.17426109313965E+0000
 1.98261222839355E+0001
 3.78197014331818E-0001
-3.56135606765747E+0000
 2.13246307373047E+0001
 4.12819814682007E+0000
-6.17426109313965E+0000
 1.98261222839355E+0001
 2.31933999061584E+0000
-3.04122805595398E+0000
 2.13246307373047E+0001
 2.31933999061584E+0000
-3.04122805595398E+0000
 2.13246307373047E+0001
 4.12819814682007E+0000
-6.17426109313965E+0000
 1.98261222839355E+0001
 6.87338781356812E+0000
-3.42906999588013E+0000
 1.98261222839355E+0001
 2.31933999061584E+0000
-3.04122805595398E+0000
 2.13246307373047E+0001
 6.87338781356812E+0000
-3.42906999588013E+0000
 1.98261222839355E+0001
 3.74035501480103E+0000
-1.62021303176880E+0000
 2.13246307373047E+0001
 3.74035501480103E+0000
-1.62021303176880E+0000
 2.13246307373047E+0001
 6.87338781356812E+0000
-3.42906999588013E+0000
 1.98261222839355E+0001
 7.87819719314575E+0000
 3.20930004119873E-0001
 1.98261222839355E+0001
 3.74035501480103E+0000
-1.62021303176880E+0000
 2.13246307373047E+0001
 7.87819719314575E+0000
 3.20930004119873E-0001
 1.98261222839355E+0001
 4.26048278808594E+0000
 3.20930004119873E-0001
 2.13246307373047E+0001
 7.87819719314575E+0000
 3.20930004119873E-0001
 1.98261222839355E+0001
 1.09847984313964E+0001
 3.20930004119873E-0001
 1.74423446655273E+0001
 9.56378364562988E+0000
 5.62422990798950E+0000
 1.74423446655273E+0001
 7.87819719314575E+0000
 3.20930004119873E-0001
 1.98261222839355E+0001
 9.56378364562988E+0000
 5.62422990798950E+0000
 1.74423446655273E+0001
 6.87338685989380E+0000
 4.07093000411987E+0000
 1.98261222839355E+0001
 6.87338685989380E+0000
 4.07093000411987E+0000
 1.98261222839355E+0001
 9.56378364562988E+0000
 5.62422990798950E+0000
 1.74423446655273E+0001
 5.68149805068970E+0000
 9.50651645660400E+0000
 1.74423446655273E+0001
 6.87338685989380E+0000
 4.07093000411987E+0000
 1.98261222839355E+0001
 5.68149805068970E+0000
 9.50651645660400E+0000
 1.74423446655273E+0001
 4.12819719314575E+0000
 6.81612110137939E+0000
 1.98261222839355E+0001
 4.12819719314575E+0000
 6.81612110137939E+0000
 1.98261222839355E+0001
 5.68149805068970E+0000
 9.50651645660400E+0000
 1.74423446655273E+0001
 3.78196001052856E-0001
 1.09275312423706E+0001
 1.74423446655273E+0001
 4.12819719314575E+0000
 6.81612110137939E+0000
 1.98261222839355E+0001
 3.78196001052856E-0001
 1.09275312423706E+0001
 1.74423446655273E+0001
 3.78196001052856E-0001
 7.82093000411987E+0000
 1.98261222839355E+0001
 3.78196001052856E-0001
 7.82093000411987E+0000
 1.98261222839355E+0001
 3.78196001052856E-0001
 1.09275312423706E+0001
 1.74423446655273E+0001
-4.92510509490967E+0000
 9.50651645660400E+0000
 1.74423446655273E+0001
 3.78196001052856E-0001
 7.82093000411987E+0000
 1.98261222839355E+0001
-4.92510509490967E+0000
 9.50651645660400E+0000
 1.74423446655273E+0001
-3.37180399894714E+0000
 6.81612014770508E+0000
 1.98261222839355E+0001
-3.37180399894714E+0000
 6.81612014770508E+0000
 1.98261222839355E+0001
-4.92510509490967E+0000
 9.50651645660400E+0000
 1.74423446655273E+0001
-8.80739021301270E+0000
 5.62422990798950E+0000
 1.74423446655273E+0001
-3.37180399894714E+0000
 6.81612014770508E+0000
 1.98261222839355E+0001
-8.80739021301270E+0000
 5.62422990798950E+0000
 1.74423446655273E+0001
-6.11699390411377E+0000
 4.07093000411987E+0000
 1.98261222839355E+0001
-6.11699390411377E+0000
 4.07093000411987E+0000
 1.98261222839355E+0001
-8.80739021301270E+0000
 5.62422990798950E+0000
 1.74423446655273E+0001
-1.02284049987793E+0001
 3.20928990840912E-0001
 1.74423446655273E+0001
-6.11699390411377E+0000
 4.07093000411987E+0000
 1.98261222839355E+0001
-1.02284049987793E+0001
 3.20928990840912E-0001
 1.74423446655273E+0001
-7.12180280685425E+0000
 3.20928990840912E-0001
 1.98261222839355E+0001
-7.12180280685425E+0000
 3.20928990840912E-0001
 1.98261222839355E+0001
-1.02284049987793E+0001
 3.20928990840912E-0001
 1.74423446655273E+0001
-8.80738925933838E+0000
-4.98237180709839E+0000
 1.74423446655273E+0001
-7.12180280685425E+0000
 3.20928990840912E-0001
 1.98261222839355E+0001
-8.80738925933838E+0000
-4.98237180709839E+0000
 1.74423446655273E+0001
-6.11699295043945E+0000
-3.42907094955444E+0000
 1.98261222839355E+0001
-6.11699295043945E+0000
-3.42907094955444E+0000
 1.98261222839355E+0001
-8.80738925933838E+0000
-4.98237180709839E+0000
 1.74423446655273E+0001
-4.92510318756104E+0000
-8.86465740203857E+0000
 1.74423446655273E+0001
-6.11699295043945E+0000
-3.42907094955444E+0000
 1.98261222839355E+0001
-4.92510318756104E+0000
-8.86465740203857E+0000
 1.74423446655273E+0001
-3.37180304527283E+0000
-6.17426204681396E+0000
 1.98261222839355E+0001
-3.37180304527283E+0000
-6.17426204681396E+0000
 1.98261222839355E+0001
-4.92510318756104E+0000
-8.86465740203857E+0000
 1.74423446655273E+0001
 3.78197997808456E-0001
-1.02856721878051E+0001
 1.74423446655273E+0001
-3.37180304527283E+0000
-6.17426204681396E+0000
 1.98261222839355E+0001
 3.78197997808456E-0001
-1.02856721878051E+0001
 1.74423446655273E+0001
 3.78197997808456E-0001
-7.17906999588013E+0000
 1.98261222839355E+0001
 3.78197997808456E-0001
-7.17906999588013E+0000
 1.98261222839355E+0001
 3.78197997808456E-0001
-1.02856721878051E+0001
 1.74423446655273E+0001
 5.68149900436401E+0000
-8.86465644836426E+0000
 1.74423446655273E+0001
 3.78197997808456E-0001
-7.17906999588013E+0000
 1.98261222839355E+0001
 5.68149900436401E+0000
-8.86465644836426E+0000
 1.74423446655273E+0001
 4.12819814682007E+0000
-6.17426109313965E+0000
 1.98261222839355E+0001
 4.12819814682007E+0000
-6.17426109313965E+0000
 1.98261222839355E+0001
 5.68149900436401E+0000
-8.86465644836426E+0000
 1.74423446655273E+0001
 9.56378459930420E+0000
-4.98236989974976E+0000
 1.74423446655273E+0001
 4.12819814682007E+0000
-6.17426109313965E+0000
 1.98261222839355E+0001
 9.56378459930420E+0000
-4.98236989974976E+0000
 1.74423446655273E+0001
 6.87338781356812E+0000
-3.42906999588013E+0000
 1.98261222839355E+0001
 6.87338781356812E+0000
-3.42906999588013E+0000
 1.98261222839355E+0001
 9.56378459930420E+0000
-4.98236989974976E+0000
 1.74423446655273E+0001
 1.09847984313964E+0001
 3.20930004119873E-0001
 1.74423446655273E+0001
 6.87338781356812E+0000
-3.42906999588013E+0000
 1.98261222839355E+0001
 1.09847984313964E+0001
 3.20930004119873E-0001
 1.74423446655273E+0001
 7.87819719314575E+0000
 3.20930004119873E-0001
 1.98261222839355E+0001
 1.09847984313964E+0001
 3.20930004119873E-0001
 1.74423446655273E+0001
 1.33685779571533E+0001
 3.20930004119873E-0001
 1.43357429504394E+0001
 1.16281967163085E+0001
 6.81612014770508E+0000
 1.43357429504394E+0001
 1.09847984313964E+0001
 3.20930004119873E-0001
 1.74423446655273E+0001
 1.16281967163085E+0001
 6.81612014770508E+0000
 1.43357429504394E+0001
 9.56378364562988E+0000
 5.62422990798950E+0000
 1.74423446655273E+0001
 9.56378364562988E+0000
 5.62422990798950E+0000
 1.74423446655273E+0001
 1.16281967163085E+0001
 6.81612014770508E+0000
 1.43357429504394E+0001
 6.87338685989380E+0000
 1.15709295272827E+0001
 1.43357429504394E+0001
 9.56378364562988E+0000
 5.62422990798950E+0000
 1.74423446655273E+0001
 6.87338685989380E+0000
 1.15709295272827E+0001
 1.43357429504394E+0001
 5.68149805068970E+0000
 9.50651645660400E+0000
 1.74423446655273E+0001
 5.68149805068970E+0000
 9.50651645660400E+0000
 1.74423446655273E+0001
 6.87338685989380E+0000
 1.15709295272827E+0001
 1.43357429504394E+0001
 3.78196001052856E-0001
 1.33113107681274E+0001
 1.43357429504394E+0001
 5.68149805068970E+0000
 9.50651645660400E+0000
 1.74423446655273E+0001
 3.78196001052856E-0001
 1.33113107681274E+0001
 1.43357429504394E+0001
 3.78196001052856E-0001
 1.09275312423706E+0001
 1.74423446655273E+0001
 3.78196001052856E-0001
 1.09275312423706E+0001
 1.74423446655273E+0001
 3.78196001052856E-0001
 1.33113107681274E+0001
 1.43357429504394E+0001
-6.11699485778809E+0000
 1.15709295272827E+0001
 1.43357429504394E+0001
 3.78196001052856E-0001
 1.09275312423706E+0001
 1.74423446655273E+0001
-6.11699485778809E+0000
 1.15709295272827E+0001
 1.43357429504394E+0001
-4.92510509490967E+0000
 9.50651645660400E+0000
 1.74423446655273E+0001
-4.92510509490967E+0000
 9.50651645660400E+0000
 1.74423446655273E+0001
-6.11699485778809E+0000
 1.15709295272827E+0001
 1.43357429504394E+0001
-1.08718042373657E+0001
 6.81611919403076E+0000
 1.43357429504394E+0001
-4.92510509490967E+0000
 9.50651645660400E+0000
 1.74423446655273E+0001
-1.08718042373657E+0001
 6.81611919403076E+0000
 1.43357429504394E+0001
-8.80739021301270E+0000
 5.62422990798950E+0000
 1.74423446655273E+0001
-8.80739021301270E+0000
 5.62422990798950E+0000
 1.74423446655273E+0001
-1.08718042373657E+0001
 6.81611919403076E+0000
 1.43357429504394E+0001
-1.26121845245361E+0001
 3.20928007364273E-0001
 1.43357429504394E+0001
-8.80739021301270E+0000
 5.62422990798950E+0000
 1.74423446655273E+0001
-1.26121845245361E+0001
 3.20928007364273E-0001
 1.43357429504394E+0001
-1.02284049987793E+0001
 3.20928990840912E-0001
 1.74423446655273E+0001
-1.02284049987793E+0001
 3.20928990840912E-0001
 1.74423446655273E+0001
-1.26121845245361E+0001
 3.20928007364273E-0001
 1.43357429504394E+0001
-1.08718023300170E+0001
-6.17426204681396E+0000
 1.43357429504394E+0001
-1.02284049987793E+0001
 3.20928990840912E-0001
 1.74423446655273E+0001
-1.08718023300170E+0001
-6.17426204681396E+0000
 1.43357429504394E+0001
-8.80738925933838E+0000
-4.98237180709839E+0000
 1.74423446655273E+0001
-8.80738925933838E+0000
-4.98237180709839E+0000
 1.74423446655273E+0001
-1.08718023300170E+0001
-6.17426204681396E+0000
 1.43357429504394E+0001
-6.11699295043945E+0000
-1.09290714263916E+0001
 1.43357429504394E+0001
-8.80738925933838E+0000
-4.98237180709839E+0000
 1.74423446655273E+0001
-6.11699295043945E+0000
-1.09290714263916E+0001
 1.43357429504394E+0001
-4.92510318756104E+0000
-8.86465740203857E+0000
 1.74423446655273E+0001
-4.92510318756104E+0000
-8.86465740203857E+0000
 1.74423446655273E+0001
-6.11699295043945E+0000
-1.09290714263916E+0001
 1.43357429504394E+0001
 3.78197997808456E-0001
-1.26694517135620E+0001
 1.43357429504394E+0001
-4.92510318756104E+0000
-8.86465740203857E+0000
 1.74423446655273E+0001
 3.78197997808456E-0001
-1.26694517135620E+0001
 1.43357429504394E+0001
 3.78197997808456E-0001
-1.02856721878051E+0001
 1.74423446655273E+0001
 3.78197997808456E-0001
-1.02856721878051E+0001
 1.74423446655273E+0001
 3.78197997808456E-0001
-1.26694517135620E+0001
 1.43357429504394E+0001
 6.87338876724243E+0000
-1.09290704727172E+0001
 1.43357429504394E+0001
 3.78197997808456E-0001
-1.02856721878051E+0001
 1.74423446655273E+0001
 6.87338876724243E+0000
-1.09290704727172E+0001
 1.43357429504394E+0001
 5.68149900436401E+0000
-8.86465644836426E+0000
 1.74423446655273E+0001
 5.68149900436401E+0000
-8.86465644836426E+0000
 1.74423446655273E+0001
 6.87338876724243E+0000
-1.09290704727172E+0001
 1.43357429504394E+0001
 1.16281986236572E+0001
-6.17425918579102E+0000
 1.43357429504394E+0001
 5.68149900436401E+0000
-8.86465644836426E+0000
 1.74423446655273E+0001
 1.16281986236572E+0001
-6.17425918579102E+0000
 1.43357429504394E+0001
 9.56378459930420E+0000
-4.98236989974976E+0000
 1.74423446655273E+0001
 9.56378459930420E+0000
-4.98236989974976E+0000
 1.74423446655273E+0001
 1.16281986236572E+0001
-6.17425918579102E+0000
 1.43357429504394E+0001
 1.33685779571533E+0001
 3.20930004119873E-0001
 1.43357429504394E+0001
 9.56378459930420E+0000
-4.98236989974976E+0000
 1.74423446655273E+0001
 1.33685779571533E+0001
 3.20930004119873E-0001
 1.43357429504394E+0001
 1.09847984313964E+0001
 3.20930004119873E-0001
 1.74423446655273E+0001
 1.33685779571533E+0001
 3.20930004119873E-0001
 1.43357429504394E+0001
 1.48670854568481E+0001
 3.20930004119873E-0001
 1.07180290222168E+0001
 1.29259414672851E+0001
 7.56537294387817E+0000
 1.07180290222168E+0001
 1.33685779571533E+0001
 3.20930004119873E-0001
 1.43357429504394E+0001
 1.29259414672851E+0001
 7.56537294387817E+0000
 1.07180290222168E+0001
 1.16281967163085E+0001
 6.81612014770508E+0000
 1.43357429504394E+0001
 1.16281967163085E+0001
 6.81612014770508E+0000
 1.43357429504394E+0001
 1.29259414672851E+0001
 7.56537294387817E+0000
 1.07180290222168E+0001
 7.62264013290405E+0000
 1.28686752319335E+0001
 1.07180290222168E+0001
 1.16281967163085E+0001
 6.81612014770508E+0000
 1.43357429504394E+0001
 7.62264013290405E+0000
 1.28686752319335E+0001
 1.07180290222168E+0001
 6.87338685989380E+0000
 1.15709295272827E+0001
 1.43357429504394E+0001
 6.87338685989380E+0000
 1.15709295272827E+0001
 1.43357429504394E+0001
 7.62264013290405E+0000
 1.28686752319335E+0001
 1.07180290222168E+0001
 3.78196001052856E-0001
 1.48098173141479E+0001
 1.07180290222168E+0001
 6.87338685989380E+0000
 1.15709295272827E+0001
 1.43357429504394E+0001
 3.78196001052856E-0001
 1.48098173141479E+0001
 1.07180290222168E+0001
 3.78196001052856E-0001
 1.33113107681274E+0001
 1.43357429504394E+0001
 3.78196001052856E-0001
 1.33113107681274E+0001
 1.43357429504394E+0001
 3.78196001052856E-0001
 1.48098173141479E+0001
 1.07180290222168E+0001
-6.86624813079834E+0000
 1.28686742782592E+0001
 1.07180290222168E+0001
 3.78196001052856E-0001
 1.33113107681274E+0001
 1.43357429504394E+0001
-6.86624813079834E+0000
 1.28686742782592E+0001
 1.07180290222168E+0001
-6.11699485778809E+0000
 1.15709295272827E+0001
 1.43357429504394E+0001
-6.11699485778809E+0000
 1.15709295272827E+0001
 1.43357429504394E+0001
-6.86624813079834E+0000
 1.28686742782592E+0001
 1.07180290222168E+0001
-1.21695489883422E+0001
 7.56537199020386E+0000
 1.07180290222168E+0001
-6.11699485778809E+0000
 1.15709295272827E+0001
 1.43357429504394E+0001
-1.21695489883422E+0001
 7.56537199020386E+0000
 1.07180290222168E+0001
-1.08718042373657E+0001
 6.81611919403076E+0000
 1.43357429504394E+0001
-1.08718042373657E+0001
 6.81611919403076E+0000
 1.43357429504394E+0001
-1.21695489883422E+0001
 7.56537199020386E+0000
 1.07180290222168E+0001
-1.41106910705566E+0001
 3.20928007364273E-0001
 1.07180290222168E+0001
-1.08718042373657E+0001
 6.81611919403076E+0000
 1.43357429504394E+0001
-1.41106910705566E+0001
 3.20928007364273E-0001
 1.07180290222168E+0001
-1.26121845245361E+0001
 3.20928007364273E-0001
 1.43357429504394E+0001
-1.26121845245361E+0001
 3.20928007364273E-0001
 1.43357429504394E+0001
-1.41106910705566E+0001
 3.20928007364273E-0001
 1.07180290222168E+0001
-1.21695470809936E+0001
-6.92351484298706E+0000
 1.07180290222168E+0001
-1.26121845245361E+0001
 3.20928007364273E-0001
 1.43357429504394E+0001
-1.21695470809936E+0001
-6.92351484298706E+0000
 1.07180290222168E+0001
-1.08718023300170E+0001
-6.17426204681396E+0000
 1.43357429504394E+0001
-1.08718023300170E+0001
-6.17426204681396E+0000
 1.43357429504394E+0001
-1.21695470809936E+0001
-6.92351484298706E+0000
 1.07180290222168E+0001
-6.86624622344971E+0000
-1.22268161773681E+0001
 1.07180290222168E+0001
-1.08718023300170E+0001
-6.17426204681396E+0000
 1.43357429504394E+0001
-6.86624622344971E+0000
-1.22268161773681E+0001
 1.07180290222168E+0001
-6.11699295043945E+0000
-1.09290714263916E+0001
 1.43357429504394E+0001
-6.11699295043945E+0000
-1.09290714263916E+0001
 1.43357429504394E+0001
-6.86624622344971E+0000
-1.22268161773681E+0001
 1.07180290222168E+0001
 3.78199011087418E-0001
-1.41679582595825E+0001
 1.07180290222168E+0001
-6.11699295043945E+0000
-1.09290714263916E+0001
 1.43357429504394E+0001
 3.78199011087418E-0001
-1.41679582595825E+0001
 1.07180290222168E+0001
 3.78197997808456E-0001
-1.26694517135620E+0001
 1.43357429504394E+0001
 3.78197997808456E-0001
-1.26694517135620E+0001
 1.43357429504394E+0001
 3.78199011087418E-0001
-1.41679582595825E+0001
 1.07180290222168E+0001
 7.62264204025269E+0000
-1.22268142700195E+0001
 1.07180290222168E+0001
 3.78197997808456E-0001
-1.26694517135620E+0001
 1.43357429504394E+0001
 7.62264204025269E+0000
-1.22268142700195E+0001
 1.07180290222168E+0001
 6.87338876724243E+0000
-1.09290704727172E+0001
 1.43357429504394E+0001
 6.87338876724243E+0000
-1.09290704727172E+0001
 1.43357429504394E+0001
 7.62264204025269E+0000
-1.22268142700195E+0001
 1.07180290222168E+0001
 1.29259424209594E+0001
-6.92351198196411E+0000
 1.07180290222168E+0001
 6.87338876724243E+0000
-1.09290704727172E+0001
 1.43357429504394E+0001
 1.29259424209594E+0001
-6.92351198196411E+0000
 1.07180290222168E+0001
 1.16281986236572E+0001
-6.17425918579102E+0000
 1.43357429504394E+0001
 1.16281986236572E+0001
-6.17425918579102E+0000
 1.43357429504394E+0001
 1.29259424209594E+0001
-6.92351198196411E+0000
 1.07180290222168E+0001
 1.48670854568481E+0001
 3.20930004119873E-0001
 1.07180290222168E+0001
 1.16281986236572E+0001
-6.17425918579102E+0000
 1.43357429504394E+0001
 1.48670854568481E+0001
 3.20930004119873E-0001
 1.07180290222168E+0001
 1.33685779571533E+0001
 3.20930004119873E-0001
 1.43357429504394E+0001
 1.48670854568481E+0001
 3.20930004119873E-0001
 1.07180290222168E+0001
 1.53781967163085E+0001
 3.20930004119873E-0001
 6.83574295043945E+0000
 1.33685779571533E+0001
 7.82093000411987E+0000
 6.83574295043945E+0000
 1.48670854568481E+0001
 3.20930004119873E-0001
 1.07180290222168E+0001
 1.33685779571533E+0001
 7.82093000411987E+0000
 6.83574295043945E+0000
 1.29259414672851E+0001
 7.56537294387817E+0000
 1.07180290222168E+0001
 1.29259414672851E+0001
 7.56537294387817E+0000
 1.07180290222168E+0001
 1.33685779571533E+0001
 7.82093000411987E+0000
 6.83574295043945E+0000
 7.87819576263428E+0000
 1.33113107681274E+0001
 6.83574295043945E+0000
 1.29259414672851E+0001
 7.56537294387817E+0000
 1.07180290222168E+0001
 7.87819576263428E+0000
 1.33113107681274E+0001
 6.83574295043945E+0000
 7.62264013290405E+0000
 1.28686752319335E+0001
 1.07180290222168E+0001
 7.62264013290405E+0000
 1.28686752319335E+0001
 1.07180290222168E+0001
 7.87819576263428E+0000
 1.33113107681274E+0001
 6.83574295043945E+0000
 3.78196001052856E-0001
 1.53209295272827E+0001
 6.83574295043945E+0000
 7.62264013290405E+0000
 1.28686752319335E+0001
 1.07180290222168E+0001
 3.78196001052856E-0001
 1.53209295272827E+0001
 6.83574295043945E+0000
 3.78196001052856E-0001
 1.48098173141479E+0001
 1.07180290222168E+0001
 3.78196001052856E-0001
 1.48098173141479E+0001
 1.07180290222168E+0001
 3.78196001052856E-0001
 1.53209295272827E+0001
 6.83574295043945E+0000
-7.12180423736572E+0000
 1.33113107681274E+0001
 6.83574295043945E+0000
 3.78196001052856E-0001
 1.48098173141479E+0001
 1.07180290222168E+0001
-7.12180423736572E+0000
 1.33113107681274E+0001
 6.83574295043945E+0000
-6.86624813079834E+0000
 1.28686742782592E+0001
 1.07180290222168E+0001
-6.86624813079834E+0000
 1.28686742782592E+0001
 1.07180290222168E+0001
-7.12180423736572E+0000
 1.33113107681274E+0001
 6.83574295043945E+0000
-1.26121845245361E+0001
 7.82092905044556E+0000
 6.83574295043945E+0000
-6.86624813079834E+0000
 1.28686742782592E+0001
 1.07180290222168E+0001
-1.26121845245361E+0001
 7.82092905044556E+0000
 6.83574295043945E+0000
-1.21695489883422E+0001
 7.56537199020386E+0000
 1.07180290222168E+0001
-1.21695489883422E+0001
 7.56537199020386E+0000
 1.07180290222168E+0001
-1.26121845245361E+0001
 7.82092905044556E+0000
 6.83574295043945E+0000
-1.46218032836914E+0001
 3.20928007364273E-0001
 6.83574295043945E+0000
-1.21695489883422E+0001
 7.56537199020386E+0000
 1.07180290222168E+0001
-1.46218032836914E+0001
 3.20928007364273E-0001
 6.83574295043945E+0000
-1.41106910705566E+0001
 3.20928007364273E-0001
 1.07180290222168E+0001
-1.41106910705566E+0001
 3.20928007364273E-0001
 1.07180290222168E+0001
-1.46218032836914E+0001
 3.20928007364273E-0001
 6.83574295043945E+0000
-1.26121835708618E+0001
-7.17907094955444E+0000
 6.83574295043945E+0000
-1.41106910705566E+0001
 3.20928007364273E-0001
 1.07180290222168E+0001
-1.26121835708618E+0001
-7.17907094955444E+0000
 6.83574295043945E+0000
-1.21695470809936E+0001
-6.92351484298706E+0000
 1.07180290222168E+0001
-1.21695470809936E+0001
-6.92351484298706E+0000
 1.07180290222168E+0001
-1.26121835708618E+0001
-7.17907094955444E+0000
 6.83574295043945E+0000
-7.12180185317993E+0000
-1.26694517135620E+0001
 6.83574295043945E+0000
-1.21695470809936E+0001
-6.92351484298706E+0000
 1.07180290222168E+0001
-7.12180185317993E+0000
-1.26694517135620E+0001
 6.83574295043945E+0000
-6.86624622344971E+0000
-1.22268161773681E+0001
 1.07180290222168E+0001
-6.86624622344971E+0000
-1.22268161773681E+0001
 1.07180290222168E+0001
-7.12180185317993E+0000
-1.26694517135620E+0001
 6.83574295043945E+0000
 3.78199011087418E-0001
-1.46790704727172E+0001
 6.83574295043945E+0000
-6.86624622344971E+0000
-1.22268161773681E+0001
 1.07180290222168E+0001
 3.78199011087418E-0001
-1.46790704727172E+0001
 6.83574295043945E+0000
 3.78199011087418E-0001
-1.41679582595825E+0001
 1.07180290222168E+0001
 3.78199011087418E-0001
-1.41679582595825E+0001
 1.07180290222168E+0001
 3.78199011087418E-0001
-1.46790704727172E+0001
 6.83574295043945E+0000
 7.87819910049438E+0000
-1.26694507598877E+0001
 6.83574295043945E+0000
 3.78199011087418E-0001
-1.41679582595825E+0001
 1.07180290222168E+0001
 7.87819910049438E+0000
-1.26694507598877E+0001
 6.83574295043945E+0000
 7.62264204025269E+0000
-1.22268142700195E+0001
 1.07180290222168E+0001
 7.62264204025269E+0000
-1.22268142700195E+0001
 1.07180290222168E+0001
 7.87819910049438E+0000
-1.26694507598877E+0001
 6.83574295043945E+0000
 1.33685789108276E+0001
-7.17906808853149E+0000
 6.83574295043945E+0000
 7.62264204025269E+0000
-1.22268142700195E+0001
 1.07180290222168E+0001
 1.33685789108276E+0001
-7.17906808853149E+0000
 6.83574295043945E+0000
 1.29259424209594E+0001
-6.92351198196411E+0000
 1.07180290222168E+0001
 1.29259424209594E+0001
-6.92351198196411E+0000
 1.07180290222168E+0001
 1.33685789108276E+0001
-7.17906808853149E+0000
 6.83574295043945E+0000
 1.53781967163085E+0001
 3.20930004119873E-0001
 6.83574295043945E+0000
 1.29259424209594E+0001
-6.92351198196411E+0000
 1.07180290222168E+0001
 1.53781967163085E+0001
 3.20930004119873E-0001
 6.83574295043945E+0000
 1.48670854568481E+0001
 3.20930004119873E-0001
 1.07180290222168E+0001
 1.53781967163085E+0001
 3.20930004119873E-0001
 6.83574295043945E+0000
 1.53781967163085E+0001
 3.20930004119873E-0001
-8.16425704956055E+0000
 1.33685779571533E+0001
 7.82093000411987E+0000
-8.16425704956055E+0000
 1.53781967163085E+0001
 3.20930004119873E-0001
 6.83574295043945E+0000
 1.33685779571533E+0001
 7.82093000411987E+0000
-8.16425704956055E+0000
 1.33685779571533E+0001
 7.82093000411987E+0000
 6.83574295043945E+0000
 1.33685779571533E+0001
 7.82093000411987E+0000
 6.83574295043945E+0000
 1.33685779571533E+0001
 7.82093000411987E+0000
-8.16425704956055E+0000
 7.87819576263428E+0000
 1.33113107681274E+0001
-8.16425704956055E+0000
 1.33685779571533E+0001
 7.82093000411987E+0000
 6.83574295043945E+0000
 7.87819576263428E+0000
 1.33113107681274E+0001
-8.16425704956055E+0000
 7.87819576263428E+0000
 1.33113107681274E+0001
 6.83574295043945E+0000
 7.87819576263428E+0000
 1.33113107681274E+0001
 6.83574295043945E+0000
 7.87819576263428E+0000
 1.33113107681274E+0001
-8.16425704956055E+0000
 3.78196001052856E-0001
 1.53209295272827E+0001
-8.16425704956055E+0000
 7.87819576263428E+0000
 1.33113107681274E+0001
 6.83574295043945E+0000
 3.78196001052856E-0001
 1.53209295272827E+0001
-8.16425704956055E+0000
 3.78196001052856E-0001
 1.53209295272827E+0001
 6.83574295043945E+0000
 3.78196001052856E-0001
 1.53209295272827E+0001
 6.83574295043945E+0000
 3.78196001052856E-0001
 1.53209295272827E+0001
-8.16425704956055E+0000
-7.12180423736572E+0000
 1.33113107681274E+0001
-8.16425704956055E+0000
 3.78196001052856E-0001
 1.53209295272827E+0001
 6.83574295043945E+0000
-7.12180423736572E+0000
 1.33113107681274E+0001
-8.16425704956055E+0000
-7.12180423736572E+0000
 1.33113107681274E+0001
 6.83574295043945E+0000
-7.12180423736572E+0000
 1.33113107681274E+0001
 6.83574295043945E+0000
-7.12180423736572E+0000
 1.33113107681274E+0001
-8.16425704956055E+0000
-1.26121845245361E+0001
 7.82092905044556E+0000
-8.16425704956055E+0000
-7.12180423736572E+0000
 1.33113107681274E+0001
 6.83574295043945E+0000
-1.26121845245361E+0001
 7.82092905044556E+0000
-8.16425704956055E+0000
-1.26121845245361E+0001
 7.82092905044556E+0000
 6.83574295043945E+0000
-1.26121845245361E+0001
 7.82092905044556E+0000
 6.83574295043945E+0000
-1.26121845245361E+0001
 7.82092905044556E+0000
-8.16425704956055E+0000
-1.46218032836914E+0001
 3.20928007364273E-0001
-8.16425704956055E+0000
-1.26121845245361E+0001
 7.82092905044556E+0000
 6.83574295043945E+0000
-1.46218032836914E+0001
 3.20928007364273E-0001
-8.16425704956055E+0000
-1.46218032836914E+0001
 3.20928007364273E-0001
 6.83574295043945E+0000
-1.46218032836914E+0001
 3.20928007364273E-0001
 6.83574295043945E+0000
-1.46218032836914E+0001
 3.20928007364273E-0001
-8.16425704956055E+0000
-1.26121835708618E+0001
-7.17907094955444E+0000
-8.16425704956055E+0000
-1.46218032836914E+0001
 3.20928007364273E-0001
 6.83574295043945E+0000
-1.26121835708618E+0001
-7.17907094955444E+0000
-8.16425704956055E+0000
-1.26121835708618E+0001
-7.17907094955444E+0000
 6.83574295043945E+0000
-1.26121835708618E+0001
-7.17907094955444E+0000
 6.83574295043945E+0000
-1.26121835708618E+0001
-7.17907094955444E+0000
-8.16425704956055E+0000
-7.12180185317993E+0000
-1.26694517135620E+0001
-8.16425704956055E+0000
-1.26121835708618E+0001
-7.17907094955444E+0000
 6.83574295043945E+0000
-7.12180185317993E+0000
-1.26694517135620E+0001
-8.16425704956055E+0000
-7.12180185317993E+0000
-1.26694517135620E+0001
 6.83574295043945E+0000
-7.12180185317993E+0000
-1.26694517135620E+0001
 6.83574295043945E+0000
-7.12180185317993E+0000
-1.26694517135620E+0001
-8.16425704956055E+0000
 3.78199011087418E-0001
-1.46790704727172E+0001
-8.16425704956055E+0000
-7.12180185317993E+0000
-1.26694517135620E+0001
 6.83574295043945E+0000
 3.78199011087418E-0001
-1.46790704727172E+0001
-8.16425704956055E+0000
 3.78199011087418E-0001
-1.46790704727172E+0001
 6.83574295043945E+0000
 3.78199011087418E-0001
-1.46790704727172E+0001
 6.83574295043945E+0000
 3.78199011087418E-0001
-1.46790704727172E+0001
-8.16425704956055E+0000
 7.87819910049438E+0000
-1.26694507598877E+0001
-8.16425704956055E+0000
 3.78199011087418E-0001
-1.46790704727172E+0001
 6.83574295043945E+0000
 7.87819910049438E+0000
-1.26694507598877E+0001
-8.16425704956055E+0000
 7.87819910049438E+0000
-1.26694507598877E+0001
 6.83574295043945E+0000
 7.87819910049438E+0000
-1.26694507598877E+0001
 6.83574295043945E+0000
 7.87819910049438E+0000
-1.26694507598877E+0001
-8.16425704956055E+0000
 1.33685789108276E+0001
-7.17906808853149E+0000
-8.16425704956055E+0000
 7.87819910049438E+0000
-1.26694507598877E+0001
 6.83574295043945E+0000
 1.33685789108276E+0001
-7.17906808853149E+0000
-8.16425704956055E+0000
 1.33685789108276E+0001
-7.17906808853149E+0000
 6.83574295043945E+0000
 1.33685789108276E+0001
-7.17906808853149E+0000
 6.83574295043945E+0000
 1.33685789108276E+0001
-7.17906808853149E+0000
-8.16425704956055E+0000
 1.53781967163085E+0001
 3.20930004119873E-0001
-8.16425704956055E+0000
 1.33685789108276E+0001
-7.17906808853149E+0000
 6.83574295043945E+0000
 1.53781967163085E+0001
 3.20930004119873E-0001
-8.16425704956055E+0000
 1.53781967163085E+0001
 3.20930004119873E-0001
 6.83574295043945E+0000
 1.53781967163085E+0001
 3.20930004119873E-0001
-8.16425704956055E+0000
 1.48670854568481E+0001
 3.20930004119873E-0001
-1.20465431213378E+0001
 1.29259414672851E+0001
 7.56537294387817E+0000
-1.20465431213378E+0001
 1.53781967163085E+0001
 3.20930004119873E-0001
-8.16425704956055E+0000
 1.29259414672851E+0001
 7.56537294387817E+0000
-1.20465431213378E+0001
 1.33685779571533E+0001
 7.82093000411987E+0000
-8.16425704956055E+0000
 1.33685779571533E+0001
 7.82093000411987E+0000
-8.16425704956055E+0000
 1.29259414672851E+0001
 7.56537294387817E+0000
-1.20465431213378E+0001
 7.62264013290405E+0000
 1.28686752319335E+0001
-1.20465431213378E+0001
 1.33685779571533E+0001
 7.82093000411987E+0000
-8.16425704956055E+0000
 7.62264013290405E+0000
 1.28686752319335E+0001
-1.20465431213378E+0001
 7.87819576263428E+0000
 1.33113107681274E+0001
-8.16425704956055E+0000
 7.87819576263428E+0000
 1.33113107681274E+0001
-8.16425704956055E+0000
 7.62264013290405E+0000
 1.28686752319335E+0001
-1.20465431213378E+0001
 3.78196001052856E-0001
 1.48098173141479E+0001
-1.20465431213378E+0001
 7.87819576263428E+0000
 1.33113107681274E+0001
-8.16425704956055E+0000
 3.78196001052856E-0001
 1.48098173141479E+0001
-1.20465431213378E+0001
 3.78196001052856E-0001
 1.53209295272827E+0001
-8.16425704956055E+0000
 3.78196001052856E-0001
 1.53209295272827E+0001
-8.16425704956055E+0000
 3.78196001052856E-0001
 1.48098173141479E+0001
-1.20465431213378E+0001
-6.86624813079834E+0000
 1.28686742782592E+0001
-1.20465431213378E+0001
 3.78196001052856E-0001
 1.53209295272827E+0001
-8.16425704956055E+0000
-6.86624813079834E+0000
 1.28686742782592E+0001
-1.20465431213378E+0001
-7.12180423736572E+0000
 1.33113107681274E+0001
-8.16425704956055E+0000
-7.12180423736572E+0000
 1.33113107681274E+0001
-8.16425704956055E+0000
-6.86624813079834E+0000
 1.28686742782592E+0001
-1.20465431213378E+0001
-1.21695489883422E+0001
 7.56537199020386E+0000
-1.20465431213378E+0001
-7.12180423736572E+0000
 1.33113107681274E+0001
-8.16425704956055E+0000
-1.21695489883422E+0001
 7.56537199020386E+0000
-1.20465431213378E+0001
-1.26121845245361E+0001
 7.82092905044556E+0000
-8.16425704956055E+0000
-1.26121845245361E+0001
 7.82092905044556E+0000
-8.16425704956055E+0000
-1.21695489883422E+0001
 7.56537199020386E+0000
-1.20465431213378E+0001
-1.41106910705566E+0001
 3.20928007364273E-0001
-1.20465431213378E+0001
-1.26121845245361E+0001
 7.82092905044556E+0000
-8.16425704956055E+0000
-1.41106910705566E+0001
 3.20928007364273E-0001
-1.20465431213378E+0001
-1.46218032836914E+0001
 3.20928007364273E-0001
-8.16425704956055E+0000
-1.46218032836914E+0001
 3.20928007364273E-0001
-8.16425704956055E+0000
-1.41106910705566E+0001
 3.20928007364273E-0001
-1.20465431213378E+0001
-1.21695470809936E+0001
-6.92351484298706E+0000
-1.20465431213378E+0001
-1.46218032836914E+0001
 3.20928007364273E-0001
-8.16425704956055E+0000
-1.21695470809936E+0001
-6.92351484298706E+0000
-1.20465431213378E+0001
-1.26121835708618E+0001
-7.17907094955444E+0000
-8.16425704956055E+0000
-1.26121835708618E+0001
-7.17907094955444E+0000
-8.16425704956055E+0000
-1.21695470809936E+0001
-6.92351484298706E+0000
-1.20465431213378E+0001
-6.86624622344971E+0000
-1.22268161773681E+0001
-1.20465431213378E+0001
-1.26121835708618E+0001
-7.17907094955444E+0000
-8.16425704956055E+0000
-6.86624622344971E+0000
-1.22268161773681E+0001
-1.20465431213378E+0001
-7.12180185317993E+0000
-1.26694517135620E+0001
-8.16425704956055E+0000
-7.12180185317993E+0000
-1.26694517135620E+0001
-8.16425704956055E+0000
-6.86624622344971E+0000
-1.22268161773681E+0001
-1.20465431213378E+0001
 3.78199011087418E-0001
-1.41679582595825E+0001
-1.20465431213378E+0001
-7.12180185317993E+0000
-1.26694517135620E+0001
-8.16425704956055E+0000
 3.78199011087418E-0001
-1.41679582595825E+0001
-1.20465431213378E+0001
 3.78199011087418E-0001
-1.46790704727172E+0001
-8.16425704956055E+0000
 3.78199011087418E-0001
-1.46790704727172E+0001
-8.16425704956055E+0000
 3.78199011087418E-0001
-1.41679582595825E+0001
-1.20465431213378E+0001
 7.62264204025269E+0000
-1.22268142700195E+0001
-1.20465431213378E+0001
 3.78199011087418E-0001
-1.46790704727172E+0001
-8.16425704956055E+0000
 7.62264204025269E+0000
-1.22268142700195E+0001
-1.20465431213378E+0001
 7.87819910049438E+0000
-1.26694507598877E+0001
-8.16425704956055E+0000
 7.87819910049438E+0000
-1.26694507598877E+0001
-8.16425704956055E+0000
 7.62264204025269E+0000
-1.22268142700195E+0001
-1.20465431213378E+0001
 1.29259424209594E+0001
-6.92351198196411E+0000
-1.20465431213378E+0001
 7.87819910049438E+0000
-1.26694507598877E+0001
-8.16425704956055E+0000
 1.29259424209594E+0001
-6.92351198196411E+0000
-1.20465431213378E+0001
 1.33685789108276E+0001
-7.17906808853149E+0000
-8.16425704956055E+0000
 1.33685789108276E+0001
-7.17906808853149E+0000
-8.16425704956055E+0000
 1.29259424209594E+0001
-6.92351198196411E+0000
-1.20465431213378E+0001
 1.48670854568481E+0001
 3.20930004119873E-0001
-1.20465431213378E+0001
 1.33685789108276E+0001
-7.17906808853149E+0000
-8.16425704956055E+0000
 1.48670854568481E+0001
 3.20930004119873E-0001
-1.20465431213378E+0001
 1.53781967163085E+0001
 3.20930004119873E-0001
-8.16425704956055E+0000
 1.48670854568481E+0001
 3.20930004119873E-0001
-1.20465431213378E+0001
 1.33685779571533E+0001
 3.20930004119873E-0001
-1.56642570495605E+0001
 1.16281967163085E+0001
 6.81612014770508E+0000
-1.56642570495605E+0001
 1.48670854568481E+0001
 3.20930004119873E-0001
-1.20465431213378E+0001
 1.16281967163085E+0001
 6.81612014770508E+0000
-1.56642570495605E+0001
 1.29259414672851E+0001
 7.56537294387817E+0000
-1.20465431213378E+0001
 1.29259414672851E+0001
 7.56537294387817E+0000
-1.20465431213378E+0001
 1.16281967163085E+0001
 6.81612014770508E+0000
-1.56642570495605E+0001
 6.87338685989380E+0000
 1.15709295272827E+0001
-1.56642570495605E+0001
 1.29259414672851E+0001
 7.56537294387817E+0000
-1.20465431213378E+0001
 6.87338685989380E+0000
 1.15709295272827E+0001
-1.56642570495605E+0001
 7.62264013290405E+0000
 1.28686752319335E+0001
-1.20465431213378E+0001
 7.62264013290405E+0000
 1.28686752319335E+0001
-1.20465431213378E+0001
 6.87338685989380E+0000
 1.15709295272827E+0001
-1.56642570495605E+0001
 3.78196001052856E-0001
 1.33113107681274E+0001
-1.56642570495605E+0001
 7.62264013290405E+0000
 1.28686752319335E+0001
-1.20465431213378E+0001
 3.78196001052856E-0001
 1.33113107681274E+0001
-1.56642570495605E+0001
 3.78196001052856E-0001
 1.48098173141479E+0001
-1.20465431213378E+0001
 3.78196001052856E-0001
 1.48098173141479E+0001
-1.20465431213378E+0001
 3.78196001052856E-0001
 1.33113107681274E+0001
-1.56642570495605E+0001
-6.11699485778809E+0000
 1.15709295272827E+0001
-1.56642570495605E+0001
 3.78196001052856E-0001
 1.48098173141479E+0001
-1.20465431213378E+0001
-6.11699485778809E+0000
 1.15709295272827E+0001
-1.56642570495605E+0001
-6.86624813079834E+0000
 1.28686742782592E+0001
-1.20465431213378E+0001
-6.86624813079834E+0000
 1.28686742782592E+0001
-1.20465431213378E+0001
-6.11699485778809E+0000
 1.15709295272827E+0001
-1.56642570495605E+0001
-1.08718042373657E+0001
 6.81611919403076E+0000
-1.56642570495605E+0001
-6.86624813079834E+0000
 1.28686742782592E+0001
-1.20465431213378E+0001
-1.08718042373657E+0001
 6.81611919403076E+0000
-1.56642570495605E+0001
-1.21695489883422E+0001
 7.56537199020386E+0000
-1.20465431213378E+0001
-1.21695489883422E+0001
 7.56537199020386E+0000
-1.20465431213378E+0001
-1.08718042373657E+0001
 6.81611919403076E+0000
-1.56642570495605E+0001
-1.26121845245361E+0001
 3.20928007364273E-0001
-1.56642570495605E+0001
-1.21695489883422E+0001
 7.56537199020386E+0000
-1.20465431213378E+0001
-1.26121845245361E+0001
 3.20928007364273E-0001
-1.56642570495605E+0001
-1.41106910705566E+0001
 3.20928007364273E-0001
-1.20465431213378E+0001
-1.41106910705566E+0001
 3.20928007364273E-0001
-1.20465431213378E+0001
-1.26121845245361E+0001
 3.20928007364273E-0001
-1.56642570495605E+0001
-1.08718023300170E+0001
-6.17426204681396E+0000
-1.56642570495605E+0001
-1.41106910705566E+0001
 3.20928007364273E-0001
-1.20465431213378E+0001
-1.08718023300170E+0001
-6.17426204681396E+0000
-1.56642570495605E+0001
-1.21695470809936E+0001
-6.92351484298706E+0000
-1.20465431213378E+0001
-1.21695470809936E+0001
-6.92351484298706E+0000
-1.20465431213378E+0001
-1.08718023300170E+0001
-6.17426204681396E+0000
-1.56642570495605E+0001
-6.11699295043945E+0000
-1.09290714263916E+0001
-1.56642570495605E+0001
-1.21695470809936E+0001
-6.92351484298706E+0000
-1.20465431213378E+0001
-6.11699295043945E+0000
-1.09290714263916E+0001
-1.56642570495605E+0001
-6.86624622344971E+0000
-1.22268161773681E+0001
-1.20465431213378E+0001
-6.86624622344971E+0000
-1.22268161773681E+0001
-1.20465431213378E+0001
-6.11699295043945E+0000
-1.09290714263916E+0001
-1.56642570495605E+0001
 3.78197997808456E-0001
-1.26694517135620E+0001
-1.56642570495605E+0001
-6.86624622344971E+0000
-1.22268161773681E+0001
-1.20465431213378E+0001
 3.78197997808456E-0001
-1.26694517135620E+0001
-1.56642570495605E+0001
 3.78199011087418E-0001
-1.41679582595825E+0001
-1.20465431213378E+0001
 3.78199011087418E-0001
-1.41679582595825E+0001
-1.20465431213378E+0001
 3.78197997808456E-0001
-1.26694517135620E+0001
-1.56642570495605E+0001
 6.87338876724243E+0000
-1.09290704727172E+0001
-1.56642570495605E+0001
 3.78199011087418E-0001
-1.41679582595825E+0001
-1.20465431213378E+0001
 6.87338876724243E+0000
-1.09290704727172E+0001
-1.56642570495605E+0001
 7.62264204025269E+0000
-1.22268142700195E+0001
-1.20465431213378E+0001
 7.62264204025269E+0000
-1.22268142700195E+0001
-1.20465431213378E+0001
 6.87338876724243E+0000
-1.09290704727172E+0001
-1.56642570495605E+0001
 1.16281986236572E+0001
-6.17425918579102E+0000
-1.56642570495605E+0001
 7.62264204025269E+0000
-1.22268142700195E+0001
-1.20465431213378E+0001
 1.16281986236572E+0001
-6.17425918579102E+0000
-1.56642570495605E+0001
 1.29259424209594E+0001
-6.92351198196411E+0000
-1.20465431213378E+0001
 1.29259424209594E+0001
-6.92351198196411E+0000
-1.20465431213378E+0001
 1.16281986236572E+0001
-6.17425918579102E+0000
-1.56642570495605E+0001
 1.33685779571533E+0001
 3.20930004119873E-0001
-1.56642570495605E+0001
 1.29259424209594E+0001
-6.92351198196411E+0000
-1.20465431213378E+0001
 1.33685779571533E+0001
 3.20930004119873E-0001
-1.56642570495605E+0001
 1.48670854568481E+0001
 3.20930004119873E-0001
-1.20465431213378E+0001
 1.33685779571533E+0001
 3.20930004119873E-0001
-1.56642570495605E+0001
 1.09847984313964E+0001
 3.20930004119873E-0001
-1.87708587646484E+0001
 9.56378364562988E+0000
 5.62422990798950E+0000
-1.87708587646484E+0001
 1.33685779571533E+0001
 3.20930004119873E-0001
-1.56642570495605E+0001
 9.56378364562988E+0000
 5.62422990798950E+0000
-1.87708587646484E+0001
 1.16281967163085E+0001
 6.81612014770508E+0000
-1.56642570495605E+0001
 1.16281967163085E+0001
 6.81612014770508E+0000
-1.56642570495605E+0001
 9.56378364562988E+0000
 5.62422990798950E+0000
-1.87708587646484E+0001
 5.68149805068970E+0000
 9.50651645660400E+0000
-1.87708587646484E+0001
 1.16281967163085E+0001
 6.81612014770508E+0000
-1.56642570495605E+0001
 5.68149805068970E+0000
 9.50651645660400E+0000
-1.87708587646484E+0001
 6.87338685989380E+0000
 1.15709295272827E+0001
-1.56642570495605E+0001
 6.87338685989380E+0000
 1.15709295272827E+0001
-1.56642570495605E+0001
 5.68149805068970E+0000
 9.50651645660400E+0000
-1.87708587646484E+0001
 3.78196001052856E-0001
 1.09275312423706E+0001
-1.87708587646484E+0001
 6.87338685989380E+0000
 1.15709295272827E+0001
-1.56642570495605E+0001
 3.78196001052856E-0001
 1.09275312423706E+0001
-1.87708587646484E+0001
 3.78196001052856E-0001
 1.33113107681274E+0001
-1.56642570495605E+0001
 3.78196001052856E-0001
 1.33113107681274E+0001
-1.56642570495605E+0001
 3.78196001052856E-0001
 1.09275312423706E+0001
-1.87708587646484E+0001
-4.92510509490967E+0000
 9.50651645660400E+0000
-1.87708587646484E+0001
 3.78196001052856E-0001
 1.33113107681274E+0001
-1.56642570495605E+0001
-4.92510509490967E+0000
 9.50651645660400E+0000
-1.87708587646484E+0001
-6.11699485778809E+0000
 1.15709295272827E+0001
-1.56642570495605E+0001
-6.11699485778809E+0000
 1.15709295272827E+0001
-1.56642570495605E+0001
-4.92510509490967E+0000
 9.50651645660400E+0000
-1.87708587646484E+0001
-8.80739021301270E+0000
 5.62422990798950E+0000
-1.87708587646484E+0001
-6.11699485778809E+0000
 1.15709295272827E+0001
-1.56642570495605E+0001
-8.80739021301270E+0000
 5.62422990798950E+0000
-1.87708587646484E+0001
-1.08718042373657E+0001
 6.81611919403076E+0000
-1.56642570495605E+0001
-1.08718042373657E+0001
 6.81611919403076E+0000
-1.56642570495605E+0001
-8.80739021301270E+0000
 5.62422990798950E+0000
-1.87708587646484E+0001
-1.02284049987793E+0001
 3.20928990840912E-0001
-1.87708587646484E+0001
-1.08718042373657E+0001
 6.81611919403076E+0000
-1.56642570495605E+0001
-1.02284049987793E+0001
 3.20928990840912E-0001
-1.87708587646484E+0001
-1.26121845245361E+0001
 3.20928007364273E-0001
-1.56642570495605E+0001
-1.26121845245361E+0001
 3.20928007364273E-0001
-1.56642570495605E+0001
-1.02284049987793E+0001
 3.20928990840912E-0001
-1.87708587646484E+0001
-8.80738925933838E+0000
-4.98237180709839E+0000
-1.87708587646484E+0001
-1.26121845245361E+0001
 3.20928007364273E-0001
-1.56642570495605E+0001
-8.80738925933838E+0000
-4.98237180709839E+0000
-1.87708587646484E+0001
-1.08718023300170E+0001
-6.17426204681396E+0000
-1.56642570495605E+0001
-1.08718023300170E+0001
-6.17426204681396E+0000
-1.56642570495605E+0001
-8.80738925933838E+0000
-4.98237180709839E+0000
-1.87708587646484E+0001
-4.92510318756104E+0000
-8.86465740203857E+0000
-1.87708587646484E+0001
-1.08718023300170E+0001
-6.17426204681396E+0000
-1.56642570495605E+0001
-4.92510318756104E+0000
-8.86465740203857E+0000
-1.87708587646484E+0001
-6.11699295043945E+0000
-1.09290714263916E+0001
-1.56642570495605E+0001
-6.11699295043945E+0000
-1.09290714263916E+0001
-1.56642570495605E+0001
-4.92510318756104E+0000
-8.86465740203857E+0000
-1.87708587646484E+0001
 3.78197997808456E-0001
-1.02856721878051E+0001
-1.87708587646484E+0001
-6.11699295043945E+0000
-1.09290714263916E+0001
-1.56642570495605E+0001
 3.78197997808456E-0001
-1.02856721878051E+0001
-1.87708587646484E+0001
 3.78197997808456E-0001
-1.26694517135620E+0001
-1.56642570495605E+0001
 3.78197997808456E-0001
-1.26694517135620E+0001
-1.56642570495605E+0001
 3.78197997808456E-0001
-1.02856721878051E+0001
-1.87708587646484E+0001
 5.68149900436401E+0000
-8.86465644836426E+0000
-1.87708587646484E+0001
 3.78197997808456E-0001
-1.26694517135620E+0001
-1.56642570495605E+0001
 5.68149900436401E+0000
-8.86465644836426E+0000
-1.87708587646484E+0001
 6.87338876724243E+0000
-1.09290704727172E+0001
-1.56642570495605E+0001
 6.87338876724243E+0000
-1.09290704727172E+0001
-1.56642570495605E+0001
 5.68149900436401E+0000
-8.86465644836426E+0000
-1.87708587646484E+0001
 9.56378459930420E+0000
-4.98236989974976E+0000
-1.87708587646484E+0001
 6.87338876724243E+0000
-1.09290704727172E+0001
-1.56642570495605E+0001
 9.56378459930420E+0000
-4.98236989974976E+0000
-1.87708587646484E+0001
 1.16281986236572E+0001
-6.17425918579102E+0000
-1.56642570495605E+0001
 1.16281986236572E+0001
-6.17425918579102E+0000
-1.56642570495605E+0001
 9.56378459930420E+0000
-4.98236989974976E+0000
-1.87708587646484E+0001
 1.09847984313964E+0001
 3.20930004119873E-0001
-1.87708587646484E+0001
 1.16281986236572E+0001
-6.17425918579102E+0000
-1.56642570495605E+0001
 1.09847984313964E+0001
 3.20930004119873E-0001
-1.87708587646484E+0001
 1.33685779571533E+0001
 3.20930004119873E-0001
-1.56642570495605E+0001
 1.09847984313964E+0001
 3.20930004119873E-0001
-1.87708587646484E+0001
 7.87819719314575E+0000
 3.20930004119873E-0001
-2.11546363830566E+0001
 6.87338685989380E+0000
 4.07093000411987E+0000
-2.11546363830566E+0001
 1.09847984313964E+0001
 3.20930004119873E-0001
-1.87708587646484E+0001
 6.87338685989380E+0000
 4.07093000411987E+0000
-2.11546363830566E+0001
 9.56378364562988E+0000
 5.62422990798950E+0000
-1.87708587646484E+0001
 9.56378364562988E+0000
 5.62422990798950E+0000
-1.87708587646484E+0001
 6.87338685989380E+0000
 4.07093000411987E+0000
-2.11546363830566E+0001
 4.12819719314575E+0000
 6.81612110137939E+0000
-2.11546363830566E+0001
 9.56378364562988E+0000
 5.62422990798950E+0000
-1.87708587646484E+0001
 4.12819719314575E+0000
 6.81612110137939E+0000
-2.11546363830566E+0001
 5.68149805068970E+0000
 9.50651645660400E+0000
-1.87708587646484E+0001
 5.68149805068970E+0000
 9.50651645660400E+0000
-1.87708587646484E+0001
 4.12819719314575E+0000
 6.81612110137939E+0000
-2.11546363830566E+0001
 3.78196001052856E-0001
 7.82093000411987E+0000
-2.11546363830566E+0001
 5.68149805068970E+0000
 9.50651645660400E+0000
-1.87708587646484E+0001
 3.78196001052856E-0001
 7.82093000411987E+0000
-2.11546363830566E+0001
 3.78196001052856E-0001
 1.09275312423706E+0001
-1.87708587646484E+0001
 3.78196001052856E-0001
 1.09275312423706E+0001
-1.87708587646484E+0001
 3.78196001052856E-0001
 7.82093000411987E+0000
-2.11546363830566E+0001
-3.37180399894714E+0000
 6.81612014770508E+0000
-2.11546363830566E+0001
 3.78196001052856E-0001
 1.09275312423706E+0001
-1.87708587646484E+0001
-3.37180399894714E+0000
 6.81612014770508E+0000
-2.11546363830566E+0001
-4.92510509490967E+0000
 9.50651645660400E+0000
-1.87708587646484E+0001
-4.92510509490967E+0000
 9.50651645660400E+0000
-1.87708587646484E+0001
-3.37180399894714E+0000
 6.81612014770508E+0000
-2.11546363830566E+0001
-6.11699390411377E+0000
 4.07093000411987E+0000
-2.11546363830566E+0001
-4.92510509490967E+0000
 9.50651645660400E+0000
-1.87708587646484E+0001
-6.11699390411377E+0000
 4.07093000411987E+0000
-2.11546363830566E+0001
-8.80739021301270E+0000
 5.62422990798950E+0000
-1.87708587646484E+0001
-8.80739021301270E+0000
 5.62422990798950E+0000
-1.87708587646484E+0001
-6.11699390411377E+0000
 4.07093000411987E+0000
-2.11546363830566E+0001
-7.12180280685425E+0000
 3.20928990840912E-0001
-2.11546363830566E+0001
-8.80739021301270E+0000
 5.62422990798950E+0000
-1.87708587646484E+0001
-7.12180280685425E+0000
 3.20928990840912E-0001
-2.11546363830566E+0001
-1.02284049987793E+0001
 3.20928990840912E-0001
-1.87708587646484E+0001
-1.02284049987793E+0001
 3.20928990840912E-0001
-1.87708587646484E+0001
-7.12180280685425E+0000
 3.20928990840912E-0001
-2.11546363830566E+0001
-6.11699295043945E+0000
-3.42907094955444E+0000
-2.11546363830566E+0001
-1.02284049987793E+0001
 3.20928990840912E-0001
-1.87708587646484E+0001
-6.11699295043945E+0000
-3.42907094955444E+0000
-2.11546363830566E+0001
-8.80738925933838E+0000
-4.98237180709839E+0000
-1.87708587646484E+0001
-8.80738925933838E+0000
-4.98237180709839E+0000
-1.87708587646484E+0001
-6.11699295043945E+0000
-3.42907094955444E+0000
-2.11546363830566E+0001
-3.37180304527283E+0000
-6.17426204681396E+0000
-2.11546363830566E+0001
-8.80738925933838E+0000
-4.98237180709839E+0000
-1.87708587646484E+0001
-3.37180304527283E+0000
-6.17426204681396E+0000
-2.11546363830566E+0001
-4.92510318756104E+0000
-8.86465740203857E+0000
-1.87708587646484E+0001
-4.92510318756104E+0000
-8.86465740203857E+0000
-1.87708587646484E+0001
-3.37180304527283E+0000
-6.17426204681396E+0000
-2.11546363830566E+0001
 3.78197997808456E-0001
-7.17906999588013E+0000
-2.11546363830566E+0001
-4.92510318756104E+0000
-8.86465740203857E+0000
-1.87708587646484E+0001
 3.78197997808456E-0001
-7.17906999588013E+0000
-2.11546363830566E+0001
 3.78197997808456E-0001
-1.02856721878051E+0001
-1.87708587646484E+0001
 3.78197997808456E-0001
-1.02856721878051E+0001
-1.87708587646484E+0001
 3.78197997808456E-0001
-7.17906999588013E+0000
-2.11546363830566E+0001
 4.12819814682007E+0000
-6.17426109313965E+0000
-2.11546363830566E+0001
 3.78197997808456E-0001
-1.02856721878051E+0001
-1.87708587646484E+0001
 4.12819814682007E+0000
-6.17426109313965E+0000
-2.11546363830566E+0001
 5.68149900436401E+0000
-8.86465644836426E+0000
-1.87708587646484E+0001
 5.68149900436401E+0000
-8.86465644836426E+0000
-1.87708587646484E+0001
 4.12819814682007E+0000
-6.17426109313965E+0000
-2.11546363830566E+0001
 6.87338781356812E+0000
-3.42906999588013E+0000
-2.11546363830566E+0001
 5.68149900436401E+0000
-8.86465644836426E+0000
-1.87708587646484E+0001
 6.87338781356812E+0000
-3.42906999588013E+0000
-2.11546363830566E+0001
 9.56378459930420E+0000
-4.98236989974976E+0000
-1.87708587646484E+0001
 9.56378459930420E+0000
-4.98236989974976E+0000
-1.87708587646484E+0001
 6.87338781356812E+0000
-3.42906999588013E+0000
-2.11546363830566E+0001
 7.87819719314575E+0000
 3.20930004119873E-0001
-2.11546363830566E+0001
 9.56378459930420E+0000
-4.98236989974976E+0000
-1.87708587646484E+0001
 7.87819719314575E+0000
 3.20930004119873E-0001
-2.11546363830566E+0001
 1.09847984313964E+0001
 3.20930004119873E-0001
-1.87708587646484E+0001
 7.87819719314575E+0000
 3.20930004119873E-0001
-2.11546363830566E+0001
 4.26048278808594E+0000
 3.20930004119873E-0001
-2.26531448364258E+0001
 3.74035501480103E+0000
 2.26207304000854E+0000
-2.26531448364258E+0001
 7.87819719314575E+0000
 3.20930004119873E-0001
-2.11546363830566E+0001
 3.74035501480103E+0000
 2.26207304000854E+0000
-2.26531448364258E+0001
 6.87338685989380E+0000
 4.07093000411987E+0000
-2.11546363830566E+0001
 6.87338685989380E+0000
 4.07093000411987E+0000
-2.11546363830566E+0001
 3.74035501480103E+0000
 2.26207304000854E+0000
-2.26531448364258E+0001
 2.31933999061584E+0000
 3.68308806419373E+0000
-2.26531448364258E+0001
 6.87338685989380E+0000
 4.07093000411987E+0000
-2.11546363830566E+0001
 2.31933999061584E+0000
 3.68308806419373E+0000
-2.26531448364258E+0001
 4.12819719314575E+0000
 6.81612110137939E+0000
-2.11546363830566E+0001
 4.12819719314575E+0000
 6.81612110137939E+0000
-2.11546363830566E+0001
 2.31933999061584E+0000
 3.68308806419373E+0000
-2.26531448364258E+0001
 3.78197014331818E-0001
 4.20321607589722E+0000
-2.26531448364258E+0001
 4.12819719314575E+0000
 6.81612110137939E+0000
-2.11546363830566E+0001
 3.78197014331818E-0001
 4.20321607589722E+0000
-2.26531448364258E+0001
 3.78196001052856E-0001
 7.82093000411987E+0000
-2.11546363830566E+0001
 3.78196001052856E-0001
 7.82093000411987E+0000
-2.11546363830566E+0001
 3.78197014331818E-0001
 4.20321607589722E+0000
-2.26531448364258E+0001
-1.56294596195221E+0000
 3.68308806419373E+0000
-2.26531448364258E+0001
 3.78196001052856E-0001
 7.82093000411987E+0000
-2.11546363830566E+0001
-1.56294596195221E+0000
 3.68308806419373E+0000
-2.26531448364258E+0001
-3.37180399894714E+0000
 6.81612014770508E+0000
-2.11546363830566E+0001
-3.37180399894714E+0000
 6.81612014770508E+0000
-2.11546363830566E+0001
-1.56294596195221E+0000
 3.68308806419373E+0000
-2.26531448364258E+0001
-2.98396205902100E+0000
 2.26207208633423E+0000
-2.26531448364258E+0001
-3.37180399894714E+0000
 6.81612014770508E+0000
-2.11546363830566E+0001
-2.98396205902100E+0000
 2.26207208633423E+0000
-2.26531448364258E+0001
-6.11699390411377E+0000
 4.07093000411987E+0000
-2.11546363830566E+0001
-6.11699390411377E+0000
 4.07093000411987E+0000
-2.11546363830566E+0001
-2.98396205902100E+0000
 2.26207208633423E+0000
-2.26531448364258E+0001
-3.50408911705017E+0000
 3.20928990840912E-0001
-2.26531448364258E+0001
-6.11699390411377E+0000
 4.07093000411987E+0000
-2.11546363830566E+0001
-3.50408911705017E+0000
 3.20928990840912E-0001
-2.26531448364258E+0001
-7.12180280685425E+0000
 3.20928990840912E-0001
-2.11546363830566E+0001
-7.12180280685425E+0000
 3.20928990840912E-0001
-2.11546363830566E+0001
-3.50408911705017E+0000
 3.20928990840912E-0001
-2.26531448364258E+0001
-2.98396110534668E+0000
-1.62021398544312E+0000
-2.26531448364258E+0001
-7.12180280685425E+0000
 3.20928990840912E-0001
-2.11546363830566E+0001
-2.98396110534668E+0000
-1.62021398544312E+0000
-2.26531448364258E+0001
-6.11699295043945E+0000
-3.42907094955444E+0000
-2.11546363830566E+0001
-6.11699295043945E+0000
-3.42907094955444E+0000
-2.11546363830566E+0001
-2.98396110534668E+0000
-1.62021398544312E+0000
-2.26531448364258E+0001
-1.56294596195221E+0000
-3.04122900962830E+0000
-2.26531448364258E+0001
-6.11699295043945E+0000
-3.42907094955444E+0000
-2.11546363830566E+0001
-1.56294596195221E+0000
-3.04122900962830E+0000
-2.26531448364258E+0001
-3.37180304527283E+0000
-6.17426204681396E+0000
-2.11546363830566E+0001
-3.37180304527283E+0000
-6.17426204681396E+0000
-2.11546363830566E+0001
-1.56294596195221E+0000
-3.04122900962830E+0000
-2.26531448364258E+0001
 3.78197014331818E-0001
-3.56135606765747E+0000
-2.26531448364258E+0001
-3.37180304527283E+0000
-6.17426204681396E+0000
-2.11546363830566E+0001
 3.78197014331818E-0001
-3.56135606765747E+0000
-2.26531448364258E+0001
 3.78197997808456E-0001
-7.17906999588013E+0000
-2.11546363830566E+0001
 3.78197997808456E-0001
-7.17906999588013E+0000
-2.11546363830566E+0001
 3.78197014331818E-0001
-3.56135606765747E+0000
-2.26531448364258E+0001
 2.31933999061584E+0000
-3.04122805595398E+0000
-2.26531448364258E+0001
 3.78197997808456E-0001
-7.17906999588013E+0000
-2.11546363830566E+0001
 2.31933999061584E+0000
-3.04122805595398E+0000
-2.26531448364258E+0001
 4.12819814682007E+0000
-6.17426109313965E+0000
-2.11546363830566E+0001
 4.12819814682007E+0000
-6.17426109313965E+0000
-2.11546363830566E+0001
 2.31933999061584E+0000
-3.04122805595398E+0000
-2.26531448364258E+0001
 3.74035501480103E+0000
-1.62021303176880E+0000
-2.26531448364258E+0001
 4.12819814682007E+0000
-6.17426109313965E+0000
-2.11546363830566E+0001
 3.74035501480103E+0000
-1.62021303176880E+0000
-2.26531448364258E+0001
 6.87338781356812E+0000
-3.42906999588013E+0000
-2.11546363830566E+0001
 6.87338781356812E+0000
-3.42906999588013E+0000
-2.11546363830566E+0001
 3.74035501480103E+0000
-1.62021303176880E+0000
-2.26531448364258E+0001
 4.26048278808594E+0000
 3.20930004119873E-0001
-2.26531448364258E+0001
 6.87338781356812E+0000
-3.42906999588013E+0000
-2.11546363830566E+0001
 4.26048278808594E+0000
 3.20930004119873E-0001
-2.26531448364258E+0001
 7.87819719314575E+0000
 3.20930004119873E-0001
-2.11546363830566E+0001
 4.26048278808594E+0000
 3.20930004119873E-0001
-2.26531448364258E+0001
 3.78197014331818E-0001
 3.20930004119873E-0001
-2.31642570495605E+0001
 3.74035501480103E+0000
 2.26207304000854E+0000
-2.26531448364258E+0001
 3.74035501480103E+0000
 2.26207304000854E+0000
-2.26531448364258E+0001
 3.78197014331818E-0001
 3.20930004119873E-0001
-2.31642570495605E+0001
 2.31933999061584E+0000
 3.68308806419373E+0000
-2.26531448364258E+0001
 2.31933999061584E+0000
 3.68308806419373E+0000
-2.26531448364258E+0001
 3.78197014331818E-0001
 3.20930004119873E-0001
-2.31642570495605E+0001
 3.78197014331818E-0001
 4.20321607589722E+0000
-2.26531448364258E+0001
 3.78197014331818E-0001
 4.20321607589722E+0000
-2.26531448364258E+0001
 3.78197014331818E-0001
 3.20930004119873E-0001
-2.31642570495605E+0001
-1.56294596195221E+0000
 3.68308806419373E+0000
-2.26531448364258E+0001
-1.56294596195221E+0000
 3.68308806419373E+0000
-2.26531448364258E+0001
 3.78197014331818E-0001
 3.20930004119873E-0001
-2.31642570495605E+0001
-2.98396205902100E+0000
 2.26207208633423E+0000
-2.26531448364258E+0001
-2.98396205902100E+0000
 2.26207208633423E+0000
-2.26531448364258E+0001
 3.78197014331818E-0001
 3.20930004119873E-0001
-2.31642570495605E+0001
-3.50408911705017E+0000
 3.20928990840912E-0001
-2.26531448364258E+0001
-3.50408911705017E+0000
 3.20928990840912E-0001
-2.26531448364258E+0001
 3.78197014331818E-0001
 3.20930004119873E-0001
-2.31642570495605E+0001
-2.98396110534668E+0000
-1.62021398544312E+0000
-2.26531448364258E+0001
-2.98396110534668E+0000
-1.62021398544312E+0000
-2.26531448364258E+0001
 3.78197014331818E-0001
 3.20930004119873E-0001
-2.31642570495605E+0001
-1.56294596195221E+0000
-3.04122900962830E+0000
-2.26531448364258E+0001
-1.56294596195221E+0000
-3.04122900962830E+0000
-2.26531448364258E+0001
 3.78197014331818E-0001
 3.20930004119873E-0001
-2.31642570495605E+0001
 3.78197014331818E-0001
-3.56135606765747E+0000
-2.26531448364258E+0001
 3.78197014331818E-0001
-3.56135606765747E+0000
-2.26531448364258E+0001
 3.78197014331818E-0001
 3.20930004119873E-0001
-2.31642570495605E+0001
 2.31933999061584E+0000
-3.04122805595398E+0000
-2.26531448364258E+0001
 2.31933999061584E+0000
-3.04122805595398E+0000
-2.26531448364258E+0001
 3.78197014331818E-0001
 3.20930004119873E-0001
-2.31642570495605E+0001
 3.74035501480103E+0000
-1.62021303176880E+0000
-2.26531448364258E+0001
 3.74035501480103E+0000
-1.62021303176880E+0000
-2.26531448364258E+0001
 3.78197014331818E-0001
 3.20930004119873E-0001
-2.31642570495605E+0001
 4.26048278808594E+0000
 3.20930004119873E-0001
-2.26531448364258E+0001