-9.49278926849365E+0000
 9.50580787658691E+0000
 1.55363779067993E+0001
-9.49278926849365E+0000
-1.04941921234130E+0001
 1.55363779067993E+0001
 1.05072107315063E+0001
-1.04941921234130E+0001
 1.55363779067993E+0001
-9.49278926849365E+0000
 9.50580787658691E+0000
 1.55363779067993E+0001
 1.05072107315063E+0001
-1.04941921234130E+0001
 1.55363779067993E+0001
 1.05072107315063E+0001
 9.50580787658691E+0000
 1.55363779067993E+0001
-9.49278926849365E+0000
 9.50580787658691E+0000
 1.55363779067993E+0001
-9.49278926849365E+0000
 1.20058078765869E+0001
 1.48665056228637E+0001
-1.07427892684936E+0001
 1.16708717346191E+0001
 1.48665056228637E+0001
-9.49278926849365E+0000
 9.50580787658691E+0000
 1.55363779067993E+0001
-1.07427892684936E+0001
 1.16708717346191E+0001
 1.48665056228637E+0001
-1.16578531265258E+0001
 1.07558078765869E+0001
 1.48665056228637E+0001
-9.49278926849365E+0000
 9.50580787658691E+0000
 1.55363779067993E+0001
-1.16578531265258E+0001
 1.07558078765869E+0001
 1.48665056228637E+0001
-1.19927892684936E+0001
 9.50580787658691E+0000
 1.48665056228637E+0001
-9.49278926849365E+0000
 9.50580787658691E+0000
 1.55363779067993E+0001
-1.19927892684936E+0001
 9.50580787658691E+0000
 1.48665056228637E+0001
-1.19927892684936E+0001
-1.04941921234130E+0001
 1.48665056228637E+0001
-9.49278926849365E+0000
 9.50580787658691E+0000
 1.55363779067993E+0001
-1.19927892684936E+0001
-1.04941921234130E+0001
 1.48665056228637E+0001
-9.49278926849365E+0000
-1.04941921234130E+0001
 1.55363779067993E+0001
-9.49278926849365E+0000
-1.04941921234130E+0001
 1.55363779067993E+0001
-1.19927892684936E+0001
-1.04941921234130E+0001
 1.48665056228637E+0001
-1.16578531265258E+0001
-1.17441921234130E+0001
 1.48665056228637E+0001
-9.49278926849365E+0000
-1.04941921234130E+0001
 1.55363779067993E+0001
-1.16578531265258E+0001
-1.17441921234130E+0001
 1.48665056228637E+0001
-1.07427892684936E+0001
-1.26592559814453E+0001
 1.48665056228637E+0001
-9.49278926849365E+0000
-1.04941921234130E+0001
 1.55363779067993E+0001
-1.07427892684936E+0001
-1.26592559814453E+0001
 1.48665056228637E+0001
-9.49278926849365E+0000
-1.29941921234130E+0001
 1.48665056228637E+0001
-9.49278926849365E+0000
-1.04941921234130E+0001
 1.55363779067993E+0001
-9.49278926849365E+0000
-1.29941921234130E+0001
 1.48665056228637E+0001
 1.05072107315063E+0001
-1.29941921234130E+0001
 1.48665056228637E+0001
-9.49278926849365E+0000
-1.04941921234130E+0001
 1.55363779067993E+0001
 1.05072107315063E+0001
-1.29941921234130E+0001
 1.48665056228637E+0001
 1.05072107315063E+0001
-1.04941921234130E+0001
 1.55363779067993E+0001
 1.05072107315063E+0001
-1.04941921234130E+0001
 1.55363779067993E+0001
 1.05072107315063E+0001
-1.29941921234130E+0001
 1.48665056228637E+0001
 1.17572107315063E+0001
-1.26592559814453E+0001
 1.48665056228637E+0001
 1.05072107315063E+0001
-1.04941921234130E+0001
 1.55363779067993E+0001
 1.17572107315063E+0001
-1.26592559814453E+0001
 1.48665056228637E+0001
 1.26722745895385E+0001
-1.17441921234130E+0001
 1.48665056228637E+0001
 1.05072107315063E+0001
-1.04941921234130E+0001
 1.55363779067993E+0001
 1.26722745895385E+0001
-1.17441921234130E+0001
 1.48665056228637E+0001
 1.30072107315063E+0001
-1.04941921234130E+0001
 1.48665056228637E+0001
 1.05072107315063E+0001
-1.04941921234130E+0001
 1.55363779067993E+0001
 1.30072107315063E+0001
-1.04941921234130E+0001
 1.48665056228637E+0001
 1.30072107315063E+0001
 9.50580787658691E+0000
 1.48665056228637E+0001
 1.05072107315063E+0001
-1.04941921234130E+0001
 1.55363779067993E+0001
 1.30072107315063E+0001
 9.50580787658691E+0000
 1.48665056228637E+0001
 1.05072107315063E+0001
 9.50580787658691E+0000
 1.55363779067993E+0001
 1.05072107315063E+0001
 9.50580787658691E+0000
 1.55363779067993E+0001
 1.30072107315063E+0001
 9.50580787658691E+0000
 1.48665056228637E+0001
 1.26722745895385E+0001
 1.07558078765869E+0001
 1.48665056228637E+0001
 1.05072107315063E+0001
 9.50580787658691E+0000
 1.55363779067993E+0001
 1.26722745895385E+0001
 1.07558078765869E+0001
 1.48665056228637E+0001
 1.17572107315063E+0001
 1.16708717346191E+0001
 1.48665056228637E+0001
 1.05072107315063E+0001
 9.50580787658691E+0000
 1.55363779067993E+0001
 1.17572107315063E+0001
 1.16708717346191E+0001
 1.48665056228637E+0001
 1.05072107315063E+0001
 1.20058078765869E+0001
 1.48665056228637E+0001
 1.05072107315063E+0001
 9.50580787658691E+0000
 1.55363779067993E+0001
 1.05072107315063E+0001
 1.20058078765869E+0001
 1.48665056228637E+0001
-9.49278926849365E+0000
 1.20058078765869E+0001
 1.48665056228637E+0001
 1.05072107315063E+0001
 9.50580787658691E+0000
 1.55363779067993E+0001
-9.49278926849365E+0000
 1.20058078765869E+0001
 1.48665056228637E+0001
-9.49278926849365E+0000
 9.50580787658691E+0000
 1.55363779067993E+0001
-9.49278926849365E+0000
 1.20058078765869E+0001
 1.48665056228637E+0001
-9.49278926849365E+0000
 1.38359355926513E+0001
 1.30363779067993E+0001
-1.16578531265258E+0001
 1.32558078765869E+0001
 1.30363779067993E+0001
-9.49278926849365E+0000
 1.20058078765869E+0001
 1.48665056228637E+0001
-1.16578531265258E+0001
 1.32558078765869E+0001
 1.30363779067993E+0001
-1.07427892684936E+0001
 1.16708717346191E+0001
 1.48665056228637E+0001
-1.07427892684936E+0001
 1.16708717346191E+0001
 1.48665056228637E+0001
-1.16578531265258E+0001
 1.32558078765869E+0001
 1.30363779067993E+0001
-1.32427892684936E+0001
 1.16708717346191E+0001
 1.30363779067993E+0001
-1.07427892684936E+0001
 1.16708717346191E+0001
 1.48665056228637E+0001
-1.32427892684936E+0001
 1.16708717346191E+0001
 1.30363779067993E+0001
-1.16578531265258E+0001
 1.07558078765869E+0001
 1.48665056228637E+0001
-1.16578531265258E+0001
 1.07558078765869E+0001
 1.48665056228637E+0001
-1.32427892684936E+0001
 1.16708717346191E+0001
 1.30363779067993E+0001
-1.38229169845581E+0001
 9.50580787658691E+0000
 1.30363779067993E+0001
-1.16578531265258E+0001
 1.07558078765869E+0001
 1.48665056228637E+0001
-1.38229169845581E+0001
 9.50580787658691E+0000
 1.30363779067993E+0001
-1.19927892684936E+0001
 9.50580787658691E+0000
 1.48665056228637E+0001
-1.19927892684936E+0001
 9.50580787658691E+0000
 1.48665056228637E+0001
-1.38229169845581E+0001
 9.50580787658691E+0000
 1.30363779067993E+0001
-1.38229169845581E+0001
-1.04941921234130E+0001
 1.30363779067993E+0001
-1.19927892684936E+0001
 9.50580787658691E+0000
 1.48665056228637E+0001
-1.38229169845581E+0001
-1.04941921234130E+0001
 1.30363779067993E+0001
-1.19927892684936E+0001
-1.04941921234130E+0001
 1.48665056228637E+0001
-1.19927892684936E+0001
-1.04941921234130E+0001
 1.48665056228637E+0001
-1.38229169845581E+0001
-1.04941921234130E+0001
 1.30363779067993E+0001
-1.32427892684936E+0001
-1.26592559814453E+0001
 1.30363779067993E+0001
-1.19927892684936E+0001
-1.04941921234130E+0001
 1.48665056228637E+0001
-1.32427892684936E+0001
-1.26592559814453E+0001
 1.30363779067993E+0001
-1.16578531265258E+0001
-1.17441921234130E+0001
 1.48665056228637E+0001
-1.16578531265258E+0001
-1.17441921234130E+0001
 1.48665056228637E+0001
-1.32427892684936E+0001
-1.26592559814453E+0001
 1.30363779067993E+0001
-1.16578531265258E+0001
-1.42441921234130E+0001
 1.30363779067993E+0001
-1.16578531265258E+0001
-1.17441921234130E+0001
 1.48665056228637E+0001
-1.16578531265258E+0001
-1.42441921234130E+0001
 1.30363779067993E+0001
-1.07427892684936E+0001
-1.26592559814453E+0001
 1.48665056228637E+0001
-1.07427892684936E+0001
-1.26592559814453E+0001
 1.48665056228637E+0001
-1.16578531265258E+0001
-1.42441921234130E+0001
 1.30363779067993E+0001
-9.49278926849365E+0000
-1.48243198394775E+0001
 1.30363779067993E+0001
-1.07427892684936E+0001
-1.26592559814453E+0001
 1.48665056228637E+0001
-9.49278926849365E+0000
-1.48243198394775E+0001
 1.30363779067993E+0001
-9.49278926849365E+0000
-1.29941921234130E+0001
 1.48665056228637E+0001
-9.49278926849365E+0000
-1.29941921234130E+0001
 1.48665056228637E+0001
-9.49278926849365E+0000
-1.48243198394775E+0001
 1.30363779067993E+0001
 1.05072107315063E+0001
-1.48243198394775E+0001
 1.30363779067993E+0001
-9.49278926849365E+0000
-1.29941921234130E+0001
 1.48665056228637E+0001
 1.05072107315063E+0001
-1.48243198394775E+0001
 1.30363779067993E+0001
 1.05072107315063E+0001
-1.29941921234130E+0001
 1.48665056228637E+0001
 1.05072107315063E+0001
-1.29941921234130E+0001
 1.48665056228637E+0001
 1.05072107315063E+0001
-1.48243198394775E+0001
 1.30363779067993E+0001
 1.26722745895385E+0001
-1.42441921234130E+0001
 1.30363779067993E+0001
 1.05072107315063E+0001
-1.29941921234130E+0001
 1.48665056228637E+0001
 1.26722745895385E+0001
-1.42441921234130E+0001
 1.30363779067993E+0001
 1.17572107315063E+0001
-1.26592559814453E+0001
 1.48665056228637E+0001
 1.17572107315063E+0001
-1.26592559814453E+0001
 1.48665056228637E+0001
 1.26722745895385E+0001
-1.42441921234130E+0001
 1.30363779067993E+0001
 1.42572107315063E+0001
-1.26592559814453E+0001
 1.30363779067993E+0001
 1.17572107315063E+0001
-1.26592559814453E+0001
 1.48665056228637E+0001
 1.42572107315063E+0001
-1.26592559814453E+0001
 1.30363779067993E+0001
 1.26722745895385E+0001
-1.17441921234130E+0001
 1.48665056228637E+0001
 1.26722745895385E+0001
-1.17441921234130E+0001
 1.48665056228637E+0001
 1.42572107315063E+0001
-1.26592559814453E+0001
 1.30363779067993E+0001
 1.48373384475708E+0001
-1.04941921234130E+0001
 1.30363779067993E+0001
 1.26722745895385E+0001
-1.17441921234130E+0001
 1.48665056228637E+0001
 1.48373384475708E+0001
-1.04941921234130E+0001
 1.30363779067993E+0001
 1.30072107315063E+0001
-1.04941921234130E+0001
 1.48665056228637E+0001
 1.30072107315063E+0001
-1.04941921234130E+0001
 1.48665056228637E+0001
 1.48373384475708E+0001
-1.04941921234130E+0001
 1.30363779067993E+0001
 1.48373384475708E+0001
 9.50580787658691E+0000
 1.30363779067993E+0001
 1.30072107315063E+0001
-1.04941921234130E+0001
 1.48665056228637E+0001
 1.48373384475708E+0001
 9.50580787658691E+0000
 1.30363779067993E+0001
 1.30072107315063E+0001
 9.50580787658691E+0000
 1.48665056228637E+0001
 1.30072107315063E+0001
 9.50580787658691E+0000
 1.48665056228637E+0001
 1.48373384475708E+0001
 9.50580787658691E+0000
 1.30363779067993E+0001
 1.42572107315063E+0001
 1.16708717346191E+0001
 1.30363779067993E+0001
 1.30072107315063E+0001
 9.50580787658691E+0000
 1.48665056228637E+0001
 1.42572107315063E+0001
 1.16708717346191E+0001
 1.30363779067993E+0001
 1.26722745895385E+0001
 1.07558078765869E+0001
 1.48665056228637E+0001
 1.26722745895385E+0001
 1.07558078765869E+0001
 1.48665056228637E+0001
 1.42572107315063E+0001
 1.16708717346191E+0001
 1.30363779067993E+0001
 1.26722745895385E+0001
 1.32558078765869E+0001
 1.30363779067993E+0001
 1.26722745895385E+0001
 1.07558078765869E+0001
 1.48665056228637E+0001
 1.26722745895385E+0001
 1.32558078765869E+0001
 1.30363779067993E+0001
 1.17572107315063E+0001
 1.16708717346191E+0001
 1.48665056228637E+0001
 1.17572107315063E+0001
 1.16708717346191E+0001
 1.48665056228637E+0001
 1.26722745895385E+0001
 1.32558078765869E+0001
 1.30363779067993E+0001
 1.05072107315063E+0001
 1.38359355926513E+0001
 1.30363779067993E+0001
 1.17572107315063E+0001
 1.16708717346191E+0001
 1.48665056228637E+0001
 1.05072107315063E+0001
 1.38359355926513E+0001
 1.30363779067993E+0001
 1.05072107315063E+0001
 1.20058078765869E+0001
 1.48665056228637E+0001
 1.05072107315063E+0001
 1.20058078765869E+0001
 1.48665056228637E+0001
 1.05072107315063E+0001
 1.38359355926513E+0001
 1.30363779067993E+0001
-9.49278926849365E+0000
 1.38359355926513E+0001
 1.30363779067993E+0001
 1.05072107315063E+0001
 1.20058078765869E+0001
 1.48665056228637E+0001
-9.49278926849365E+0000
 1.38359355926513E+0001
 1.30363779067993E+0001
-9.49278926849365E+0000
 1.20058078765869E+0001
 1.48665056228637E+0001
-9.49278926849365E+0000
 1.38359355926513E+0001
 1.30363779067993E+0001
-9.49278926849365E+0000
 1.45058078765869E+0001
 1.05363779067993E+0001
-1.19927892684936E+0001
 1.38359346389770E+0001
 1.05363779067993E+0001
-9.49278926849365E+0000
 1.38359355926513E+0001
 1.30363779067993E+0001
-1.19927892684936E+0001
 1.38359346389770E+0001
 1.05363779067993E+0001
-1.16578531265258E+0001
 1.32558078765869E+0001
 1.30363779067993E+0001
-1.16578531265258E+0001
 1.32558078765869E+0001
 1.30363779067993E+0001
-1.19927892684936E+0001
 1.38359346389770E+0001
 1.05363779067993E+0001
-1.38229160308837E+0001
 1.20058078765869E+0001
 1.05363779067993E+0001
-1.16578531265258E+0001
 1.32558078765869E+0001
 1.30363779067993E+0001
-1.38229160308837E+0001
 1.20058078765869E+0001
 1.05363779067993E+0001
-1.32427892684936E+0001
 1.16708717346191E+0001
 1.30363779067993E+0001
-1.32427892684936E+0001
 1.16708717346191E+0001
 1.30363779067993E+0001
-1.38229160308837E+0001
 1.20058078765869E+0001
 1.05363779067993E+0001
-1.44927892684936E+0001
 9.50580787658691E+0000
 1.05363779067993E+0001
-1.32427892684936E+0001
 1.16708717346191E+0001
 1.30363779067993E+0001
-1.44927892684936E+0001
 9.50580787658691E+0000
 1.05363779067993E+0001
-1.38229169845581E+0001
 9.50580787658691E+0000
 1.30363779067993E+0001
-1.38229169845581E+0001
 9.50580787658691E+0000
 1.30363779067993E+0001
-1.44927892684936E+0001
 9.50580787658691E+0000
 1.05363779067993E+0001
-1.44927892684936E+0001
-1.04941921234130E+0001
 1.05363779067993E+0001
-1.38229169845581E+0001
 9.50580787658691E+0000
 1.30363779067993E+0001
-1.44927892684936E+0001
-1.04941921234130E+0001
 1.05363779067993E+0001
-1.38229169845581E+0001
-1.04941921234130E+0001
 1.30363779067993E+0001
-1.38229169845581E+0001
-1.04941921234130E+0001
 1.30363779067993E+0001
-1.44927892684936E+0001
-1.04941921234130E+0001
 1.05363779067993E+0001
-1.38229169845581E+0001
-1.29941921234130E+0001
 1.05363779067993E+0001
-1.38229169845581E+0001
-1.04941921234130E+0001
 1.30363779067993E+0001
-1.38229169845581E+0001
-1.29941921234130E+0001
 1.05363779067993E+0001
-1.32427892684936E+0001
-1.26592559814453E+0001
 1.30363779067993E+0001
-1.32427892684936E+0001
-1.26592559814453E+0001
 1.30363779067993E+0001
-1.38229169845581E+0001
-1.29941921234130E+0001
 1.05363779067993E+0001
-1.19927892684936E+0001
-1.48243188858032E+0001
 1.05363779067993E+0001
-1.32427892684936E+0001
-1.26592559814453E+0001
 1.30363779067993E+0001
-1.19927892684936E+0001
-1.48243188858032E+0001
 1.05363779067993E+0001
-1.16578531265258E+0001
-1.42441921234130E+0001
 1.30363779067993E+0001
-1.16578531265258E+0001
-1.42441921234130E+0001
 1.30363779067993E+0001
-1.19927892684936E+0001
-1.48243188858032E+0001
 1.05363779067993E+0001
-9.49278926849365E+0000
-1.54941921234130E+0001
 1.05363779067993E+0001
-1.16578531265258E+0001
-1.42441921234130E+0001
 1.30363779067993E+0001
-9.49278926849365E+0000
-1.54941921234130E+0001
 1.05363779067993E+0001
-9.49278926849365E+0000
-1.48243198394775E+0001
 1.30363779067993E+0001
-9.49278926849365E+0000
-1.48243198394775E+0001
 1.30363779067993E+0001
-9.49278926849365E+0000
-1.54941921234130E+0001
 1.05363779067993E+0001
 1.05072107315063E+0001
-1.54941921234130E+0001
 1.05363779067993E+0001
-9.49278926849365E+0000
-1.48243198394775E+0001
 1.30363779067993E+0001
 1.05072107315063E+0001
-1.54941921234130E+0001
 1.05363779067993E+0001
 1.05072107315063E+0001
-1.48243198394775E+0001
 1.30363779067993E+0001
 1.05072107315063E+0001
-1.48243198394775E+0001
 1.30363779067993E+0001
 1.05072107315063E+0001
-1.54941921234130E+0001
 1.05363779067993E+0001
 1.30072107315063E+0001
-1.48243188858032E+0001
 1.05363779067993E+0001
 1.05072107315063E+0001
-1.48243198394775E+0001
 1.30363779067993E+0001
 1.30072107315063E+0001
-1.48243188858032E+0001
 1.05363779067993E+0001
 1.26722745895385E+0001
-1.42441921234130E+0001
 1.30363779067993E+0001
 1.26722745895385E+0001
-1.42441921234130E+0001
 1.30363779067993E+0001
 1.30072107315063E+0001
-1.48243188858032E+0001
 1.05363779067993E+0001
 1.48373384475708E+0001
-1.29941921234130E+0001
 1.05363779067993E+0001
 1.26722745895385E+0001
-1.42441921234130E+0001
 1.30363779067993E+0001
 1.48373384475708E+0001
-1.29941921234130E+0001
 1.05363779067993E+0001
 1.42572107315063E+0001
-1.26592559814453E+0001
 1.30363779067993E+0001
 1.42572107315063E+0001
-1.26592559814453E+0001
 1.30363779067993E+0001
 1.48373384475708E+0001
-1.29941921234130E+0001
 1.05363779067993E+0001
 1.55072107315063E+0001
-1.04941921234130E+0001
 1.05363779067993E+0001
 1.42572107315063E+0001
-1.26592559814453E+0001
 1.30363779067993E+0001
 1.55072107315063E+0001
-1.04941921234130E+0001
 1.05363779067993E+0001
 1.48373384475708E+0001
-1.04941921234130E+0001
 1.30363779067993E+0001
 1.48373384475708E+0001
-1.04941921234130E+0001
 1.30363779067993E+0001
 1.55072107315063E+0001
-1.04941921234130E+0001
 1.05363779067993E+0001
 1.55072107315063E+0001
 9.50580787658691E+0000
 1.05363779067993E+0001
 1.48373384475708E+0001
-1.04941921234130E+0001
 1.30363779067993E+0001
 1.55072107315063E+0001
 9.50580787658691E+0000
 1.05363779067993E+0001
 1.48373384475708E+0001
 9.50580787658691E+0000
 1.30363779067993E+0001
 1.48373384475708E+0001
 9.50580787658691E+0000
 1.30363779067993E+0001
 1.55072107315063E+0001
 9.50580787658691E+0000
 1.05363779067993E+0001
 1.48373384475708E+0001
 1.20058078765869E+0001
 1.05363779067993E+0001
 1.48373384475708E+0001
 9.50580787658691E+0000
 1.30363779067993E+0001
 1.48373384475708E+0001
 1.20058078765869E+0001
 1.05363779067993E+0001
 1.42572107315063E+0001
 1.16708717346191E+0001
 1.30363779067993E+0001
 1.42572107315063E+0001
 1.16708717346191E+0001
 1.30363779067993E+0001
 1.48373384475708E+0001
 1.20058078765869E+0001
 1.05363779067993E+0001
 1.30072107315063E+0001
 1.38359346389770E+0001
 1.05363779067993E+0001
 1.42572107315063E+0001
 1.16708717346191E+0001
 1.30363779067993E+0001
 1.30072107315063E+0001
 1.38359346389770E+0001
 1.05363779067993E+0001
 1.26722745895385E+0001
 1.32558078765869E+0001
 1.30363779067993E+0001
 1.26722745895385E+0001
 1.32558078765869E+0001
 1.30363779067993E+0001
 1.30072107315063E+0001
 1.38359346389770E+0001
 1.05363779067993E+0001
 1.05072107315063E+0001
 1.45058078765869E+0001
 1.05363779067993E+0001
 1.26722745895385E+0001
 1.32558078765869E+0001
 1.30363779067993E+0001
 1.05072107315063E+0001
 1.45058078765869E+0001
 1.05363779067993E+0001
 1.05072107315063E+0001
 1.38359355926513E+0001
 1.30363779067993E+0001
 1.05072107315063E+0001
 1.38359355926513E+0001
 1.30363779067993E+0001
 1.05072107315063E+0001
 1.45058078765869E+0001
 1.05363779067993E+0001
-9.49278926849365E+0000
 1.45058078765869E+0001
 1.05363779067993E+0001
 1.05072107315063E+0001
 1.38359355926513E+0001
 1.30363779067993E+0001
-9.49278926849365E+0000
 1.45058078765869E+0001
 1.05363779067993E+0001
-9.49278926849365E+0000
 1.38359355926513E+0001
 1.30363779067993E+0001
-9.49278926849365E+0000
 1.45058078765869E+0001
 1.05363779067993E+0001
-9.49278926849365E+0000
 1.45058078765869E+0001
-9.46362209320068E+0000
-1.19927892684936E+0001
 1.38359346389770E+0001
-9.46362209320068E+0000
-9.49278926849365E+0000
 1.45058078765869E+0001
 1.05363779067993E+0001
-1.19927892684936E+0001
 1.38359346389770E+0001
-9.46362209320068E+0000
-1.19927892684936E+0001
 1.38359346389770E+0001
 1.05363779067993E+0001
-1.19927892684936E+0001
 1.38359346389770E+0001
 1.05363779067993E+0001
-1.19927892684936E+0001
 1.38359346389770E+0001
-9.46362209320068E+0000
-1.38229160308837E+0001
 1.20058078765869E+0001
-9.46362209320068E+0000
-1.19927892684936E+0001
 1.38359346389770E+0001
 1.05363779067993E+0001
-1.38229160308837E+0001
 1.20058078765869E+0001
-9.46362209320068E+0000
-1.38229160308837E+0001
 1.20058078765869E+0001
 1.05363779067993E+0001
-1.38229160308837E+0001
 1.20058078765869E+0001
 1.05363779067993E+0001
-1.38229160308837E+0001
 1.20058078765869E+0001
-9.46362209320068E+0000
-1.44927892684936E+0001
 9.50580787658691E+0000
-9.46362209320068E+0000
-1.38229160308837E+0001
 1.20058078765869E+0001
 1.05363779067993E+0001
-1.44927892684936E+0001
 9.50580787658691E+0000
-9.46362209320068E+0000
-1.44927892684936E+0001
 9.50580787658691E+0000
 1.05363779067993E+0001
-1.44927892684936E+0001
 9.50580787658691E+0000
 1.05363779067993E+0001
-1.44927892684936E+0001
 9.50580787658691E+0000
-9.46362209320068E+0000
-1.44927892684936E+0001
-1.04941921234130E+0001
-9.46362209320068E+0000
-1.44927892684936E+0001
 9.50580787658691E+0000
 1.05363779067993E+0001
-1.44927892684936E+0001
-1.04941921234130E+0001
-9.46362209320068E+0000
-1.44927892684936E+0001
-1.04941921234130E+0001
 1.05363779067993E+0001
-1.44927892684936E+0001
-1.04941921234130E+0001
 1.05363779067993E+0001
-1.44927892684936E+0001
-1.04941921234130E+0001
-9.46362209320068E+0000
-1.38229169845581E+0001
-1.29941921234130E+0001
-9.46362209320068E+0000
-1.44927892684936E+0001
-1.04941921234130E+0001
 1.05363779067993E+0001
-1.38229169845581E+0001
-1.29941921234130E+0001
-9.46362209320068E+0000
-1.38229169845581E+0001
-1.29941921234130E+0001
 1.05363779067993E+0001
-1.38229169845581E+0001
-1.29941921234130E+0001
 1.05363779067993E+0001
-1.38229169845581E+0001
-1.29941921234130E+0001
-9.46362209320068E+0000
-1.19927892684936E+0001
-1.48243188858032E+0001
-9.46362209320068E+0000
-1.38229169845581E+0001
-1.29941921234130E+0001
 1.05363779067993E+0001
-1.19927892684936E+0001
-1.48243188858032E+0001
-9.46362209320068E+0000
-1.19927892684936E+0001
-1.48243188858032E+0001
 1.05363779067993E+0001
-1.19927892684936E+0001
-1.48243188858032E+0001
 1.05363779067993E+0001
-1.19927892684936E+0001
-1.48243188858032E+0001
-9.46362209320068E+0000
-9.49278926849365E+0000
-1.54941921234130E+0001
-9.46362209320068E+0000
-1.19927892684936E+0001
-1.48243188858032E+0001
 1.05363779067993E+0001
-9.49278926849365E+0000
-1.54941921234130E+0001
-9.46362209320068E+0000
-9.49278926849365E+0000
-1.54941921234130E+0001
 1.05363779067993E+0001
-9.49278926849365E+0000
-1.54941921234130E+0001
 1.05363779067993E+0001
-9.49278926849365E+0000
-1.54941921234130E+0001
-9.46362209320068E+0000
 1.05072107315063E+0001
-1.54941921234130E+0001
-9.46362209320068E+0000
-9.49278926849365E+0000
-1.54941921234130E+0001
 1.05363779067993E+0001
 1.05072107315063E+0001
-1.54941921234130E+0001
-9.46362209320068E+0000
 1.05072107315063E+0001
-1.54941921234130E+0001
 1.05363779067993E+0001
 1.05072107315063E+0001
-1.54941921234130E+0001
 1.05363779067993E+0001
 1.05072107315063E+0001
-1.54941921234130E+0001
-9.46362209320068E+0000
 1.30072107315063E+0001
-1.48243188858032E+0001
-9.46362209320068E+0000
 1.05072107315063E+0001
-1.54941921234130E+0001
 1.05363779067993E+0001
 1.30072107315063E+0001
-1.48243188858032E+0001
-9.46362209320068E+0000
 1.30072107315063E+0001
-1.48243188858032E+0001
 1.05363779067993E+0001
 1.30072107315063E+0001
-1.48243188858032E+0001
 1.05363779067993E+0001
 1.30072107315063E+0001
-1.48243188858032E+0001
-9.46362209320068E+0000
 1.48373384475708E+0001
-1.29941921234130E+0001
-9.46362209320068E+0000
 1.30072107315063E+0001
-1.48243188858032E+0001
 1.05363779067993E+0001
 1.48373384475708E+0001
-1.29941921234130E+0001
-9.46362209320068E+0000
 1.48373384475708E+0001
-1.29941921234130E+0001
 1.05363779067993E+0001
 1.48373384475708E+0001
-1.29941921234130E+0001
 1.05363779067993E+0001
 1.48373384475708E+0001
-1.29941921234130E+0001
-9.46362209320068E+0000
 1.55072107315063E+0001
-1.04941921234130E+0001
-9.46362209320068E+0000
 1.48373384475708E+0001
-1.29941921234130E+0001
 1.05363779067993E+0001
 1.55072107315063E+0001
-1.04941921234130E+0001
-9.46362209320068E+0000
 1.55072107315063E+0001
-1.04941921234130E+0001
 1.05363779067993E+0001
 1.55072107315063E+0001
-1.04941921234130E+0001
 1.05363779067993E+0001
 1.55072107315063E+0001
-1.04941921234130E+0001
-9.46362209320068E+0000
 1.55072107315063E+0001
 9.50580787658691E+0000
-9.46362209320068E+0000
 1.55072107315063E+0001
-1.04941921234130E+0001
 1.05363779067993E+0001
 1.55072107315063E+0001
 9.50580787658691E+0000
-9.46362209320068E+0000
 1.55072107315063E+0001
 9.50580787658691E+0000
 1.05363779067993E+0001
 1.55072107315063E+0001
 9.50580787658691E+0000
 1.05363779067993E+0001
 1.55072107315063E+0001
 9.50580787658691E+0000
-9.46362209320068E+0000
 1.48373384475708E+0001
 1.20058078765869E+0001
-9.46362209320068E+0000
 1.55072107315063E+0001
 9.50580787658691E+0000
 1.05363779067993E+0001
 1.48373384475708E+0001
 1.20058078765869E+0001
-9.46362209320068E+0000
 1.48373384475708E+0001
 1.20058078765869E+0001
 1.05363779067993E+0001
 1.48373384475708E+0001
 1.20058078765869E+0001
 1.05363779067993E+0001
 1.48373384475708E+0001
 1.20058078765869E+0001
-9.46362209320068E+0000
 1.30072107315063E+0001
 1.38359346389770E+0001
-9.46362209320068E+0000
 1.48373384475708E+0001
 1.20058078765869E+0001
 1.05363779067993E+0001
 1.30072107315063E+0001
 1.38359346389770E+0001
-9.46362209320068E+0000
 1.30072107315063E+0001
 1.38359346389770E+0001
 1.05363779067993E+0001
 1.30072107315063E+0001
 1.38359346389770E+0001
 1.05363779067993E+0001
 1.30072107315063E+0001
 1.38359346389770E+0001
-9.46362209320068E+0000
 1.05072107315063E+0001
 1.45058078765869E+0001
-9.46362209320068E+0000
 1.30072107315063E+0001
 1.38359346389770E+0001
 1.05363779067993E+0001
 1.05072107315063E+0001
 1.45058078765869E+0001
-9.46362209320068E+0000
 1.05072107315063E+0001
 1.45058078765869E+0001
 1.05363779067993E+0001
 1.05072107315063E+0001
 1.45058078765869E+0001
 1.05363779067993E+0001
 1.05072107315063E+0001
 1.45058078765869E+0001
-9.46362209320068E+0000
-9.49278926849365E+0000
 1.45058078765869E+0001
-9.46362209320068E+0000
 1.05072107315063E+0001
 1.45058078765869E+0001
 1.05363779067993E+0001
-9.49278926849365E+0000
 1.45058078765869E+0001
-9.46362209320068E+0000
-9.49278926849365E+0000
 1.45058078765869E+0001
 1.05363779067993E+0001
-9.49278926849365E+0000
 1.45058078765869E+0001
-9.46362209320068E+0000
-9.49278926849365E+0000
 1.38359355926513E+0001
-1.19636220932006E+0001
-1.16578531265258E+0001
 1.32558078765869E+0001
-1.19636220932006E+0001
-9.49278926849365E+0000
 1.45058078765869E+0001
-9.46362209320068E+0000
-1.16578531265258E+0001
 1.32558078765869E+0001
-1.19636220932006E+0001
-1.19927892684936E+0001
 1.38359346389770E+0001
-9.46362209320068E+0000
-1.19927892684936E+0001
 1.38359346389770E+0001
-9.46362209320068E+0000
-1.16578531265258E+0001
 1.32558078765869E+0001
-1.19636220932006E+0001
-1.32427892684936E+0001
 1.16708717346191E+0001
-1.19636220932006E+0001
-1.19927892684936E+0001
 1.38359346389770E+0001
-9.46362209320068E+0000
-1.32427892684936E+0001
 1.16708717346191E+0001
-1.19636220932006E+0001
-1.38229160308837E+0001
 1.20058078765869E+0001
-9.46362209320068E+0000
-1.38229160308837E+0001
 1.20058078765869E+0001
-9.46362209320068E+0000
-1.32427892684936E+0001
 1.16708717346191E+0001
-1.19636220932006E+0001
-1.38229169845581E+0001
 9.50580787658691E+0000
-1.19636220932006E+0001
-1.38229160308837E+0001
 1.20058078765869E+0001
-9.46362209320068E+0000
-1.38229169845581E+0001
 9.50580787658691E+0000
-1.19636220932006E+0001
-1.44927892684936E+0001
 9.50580787658691E+0000
-9.46362209320068E+0000
-1.44927892684936E+0001
 9.50580787658691E+0000
-9.46362209320068E+0000
-1.38229169845581E+0001
 9.50580787658691E+0000
-1.19636220932006E+0001
-1.38229169845581E+0001
-1.04941921234130E+0001
-1.19636220932006E+0001
-1.44927892684936E+0001
 9.50580787658691E+0000
-9.46362209320068E+0000
-1.38229169845581E+0001
-1.04941921234130E+0001
-1.19636220932006E+0001
-1.44927892684936E+0001
-1.04941921234130E+0001
-9.46362209320068E+0000
-1.44927892684936E+0001
-1.04941921234130E+0001
-9.46362209320068E+0000
-1.38229169845581E+0001
-1.04941921234130E+0001
-1.19636220932006E+0001
-1.32427892684936E+0001
-1.26592559814453E+0001
-1.19636220932006E+0001
-1.44927892684936E+0001
-1.04941921234130E+0001
-9.46362209320068E+0000
-1.32427892684936E+0001
-1.26592559814453E+0001
-1.19636220932006E+0001
-1.38229169845581E+0001
-1.29941921234130E+0001
-9.46362209320068E+0000
-1.38229169845581E+0001
-1.29941921234130E+0001
-9.46362209320068E+0000
-1.32427892684936E+0001
-1.26592559814453E+0001
-1.19636220932006E+0001
-1.16578531265258E+0001
-1.42441921234130E+0001
-1.19636220932006E+0001
-1.38229169845581E+0001
-1.29941921234130E+0001
-9.46362209320068E+0000
-1.16578531265258E+0001
-1.42441921234130E+0001
-1.19636220932006E+0001
-1.19927892684936E+0001
-1.48243188858032E+0001
-9.46362209320068E+0000
-1.19927892684936E+0001
-1.48243188858032E+0001
-9.46362209320068E+0000
-1.16578531265258E+0001
-1.42441921234130E+0001
-1.19636220932006E+0001
-9.49278926849365E+0000
-1.48243198394775E+0001
-1.19636220932006E+0001
-1.19927892684936E+0001
-1.48243188858032E+0001
-9.46362209320068E+0000
-9.49278926849365E+0000
-1.48243198394775E+0001
-1.19636220932006E+0001
-9.49278926849365E+0000
-1.54941921234130E+0001
-9.46362209320068E+0000
-9.49278926849365E+0000
-1.54941921234130E+0001
-9.46362209320068E+0000
-9.49278926849365E+0000
-1.48243198394775E+0001
-1.19636220932006E+0001
 1.05072107315063E+0001
-1.48243198394775E+0001
-1.19636220932006E+0001
-9.49278926849365E+0000
-1.54941921234130E+0001
-9.46362209320068E+0000
 1.05072107315063E+0001
-1.48243198394775E+0001
-1.19636220932006E+0001
 1.05072107315063E+0001
-1.54941921234130E+0001
-9.46362209320068E+0000
 1.05072107315063E+0001
-1.54941921234130E+0001
-9.46362209320068E+0000
 1.05072107315063E+0001
-1.48243198394775E+0001
-1.19636220932006E+0001
 1.26722745895385E+0001
-1.42441921234130E+0001
-1.19636220932006E+0001
 1.05072107315063E+0001
-1.54941921234130E+0001
-9.46362209320068E+0000
 1.26722745895385E+0001
-1.42441921234130E+0001
-1.19636220932006E+0001
 1.30072107315063E+0001
-1.48243188858032E+0001
-9.46362209320068E+0000
 1.30072107315063E+0001
-1.48243188858032E+0001
-9.46362209320068E+0000
 1.26722745895385E+0001
-1.42441921234130E+0001
-1.19636220932006E+0001
 1.42572107315063E+0001
-1.26592559814453E+0001
-1.19636220932006E+0001
 1.30072107315063E+0001
-1.48243188858032E+0001
-9.46362209320068E+0000
 1.42572107315063E+0001
-1.26592559814453E+0001
-1.19636220932006E+0001
 1.48373384475708E+0001
-1.29941921234130E+0001
-9.46362209320068E+0000
 1.48373384475708E+0001
-1.29941921234130E+0001
-9.46362209320068E+0000
 1.42572107315063E+0001
-1.26592559814453E+0001
-1.19636220932006E+0001
 1.48373384475708E+0001
-1.04941921234130E+0001
-1.19636220932006E+0001
 1.48373384475708E+0001
-1.29941921234130E+0001
-9.46362209320068E+0000
 1.48373384475708E+0001
-1.04941921234130E+0001
-1.19636220932006E+0001
 1.55072107315063E+0001
-1.04941921234130E+0001
-9.46362209320068E+0000
 1.55072107315063E+0001
-1.04941921234130E+0001
-9.46362209320068E+0000
 1.48373384475708E+0001
-1.04941921234130E+0001
-1.19636220932006E+0001
 1.48373384475708E+0001
 9.50580787658691E+0000
-1.19636220932006E+0001
 1.55072107315063E+0001
-1.04941921234130E+0001
-9.46362209320068E+0000
 1.48373384475708E+0001
 9.50580787658691E+0000
-1.19636220932006E+0001
 1.55072107315063E+0001
 9.50580787658691E+0000
-9.46362209320068E+0000
 1.55072107315063E+0001
 9.50580787658691E+0000
-9.46362209320068E+0000
 1.48373384475708E+0001
 9.50580787658691E+0000
-1.19636220932006E+0001
 1.42572107315063E+0001
 1.16708717346191E+0001
-1.19636220932006E+0001
 1.55072107315063E+0001
 9.50580787658691E+0000
-9.46362209320068E+0000
 1.42572107315063E+0001
 1.16708717346191E+0001
-1.19636220932006E+0001
 1.48373384475708E+0001
 1.20058078765869E+0001
-9.46362209320068E+0000
 1.48373384475708E+0001
 1.20058078765869E+0001
-9.46362209320068E+0000
 1.42572107315063E+0001
 1.16708717346191E+0001
-1.19636220932006E+0001
 1.26722745895385E+0001
 1.32558078765869E+0001
-1.19636220932006E+0001
 1.48373384475708E+0001
 1.20058078765869E+0001
-9.46362209320068E+0000
 1.26722745895385E+0001
 1.32558078765869E+0001
-1.19636220932006E+0001
 1.30072107315063E+0001
 1.38359346389770E+0001
-9.46362209320068E+0000
 1.30072107315063E+0001
 1.38359346389770E+0001
-9.46362209320068E+0000
 1.26722745895385E+0001
 1.32558078765869E+0001
-1.19636220932006E+0001
 1.05072107315063E+0001
 1.38359355926513E+0001
-1.19636220932006E+0001
 1.30072107315063E+0001
 1.38359346389770E+0001
-9.46362209320068E+0000
 1.05072107315063E+0001
 1.38359355926513E+0001
-1.19636220932006E+0001
 1.05072107315063E+0001
 1.45058078765869E+0001
-9.46362209320068E+0000
 1.05072107315063E+0001
 1.45058078765869E+0001
-9.46362209320068E+0000
 1.05072107315063E+0001
 1.38359355926513E+0001
-1.19636220932006E+0001
-9.49278926849365E+0000
 1.38359355926513E+0001
-1.19636220932006E+0001
 1.05072107315063E+0001
 1.45058078765869E+0001
-9.46362209320068E+0000
-9.49278926849365E+0000
 1.38359355926513E+0001
-1.19636220932006E+0001
-9.49278926849365E+0000
 1.45058078765869E+0001
-9.46362209320068E+0000
-9.49278926849365E+0000
 1.38359355926513E+0001
-1.19636220932006E+0001
-9.49278926849365E+0000
 1.20058078765869E+0001
-1.37937488555908E+0001
-1.07427892684936E+0001
 1.16708717346191E+0001
-1.37937488555908E+0001
-9.49278926849365E+0000
 1.38359355926513E+0001
-1.19636220932006E+0001
-1.07427892684936E+0001
 1.16708717346191E+0001
-1.37937488555908E+0001
-1.16578531265258E+0001
 1.32558078765869E+0001
-1.19636220932006E+0001
-1.16578531265258E+0001
 1.32558078765869E+0001
-1.19636220932006E+0001
-1.07427892684936E+0001
 1.16708717346191E+0001
-1.37937488555908E+0001
-1.16578531265258E+0001
 1.07558078765869E+0001
-1.37937488555908E+0001
-1.16578531265258E+0001
 1.32558078765869E+0001
-1.19636220932006E+0001
-1.16578531265258E+0001
 1.07558078765869E+0001
-1.37937488555908E+0001
-1.32427892684936E+0001
 1.16708717346191E+0001
-1.19636220932006E+0001
-1.32427892684936E+0001
 1.16708717346191E+0001
-1.19636220932006E+0001
-1.16578531265258E+0001
 1.07558078765869E+0001
-1.37937488555908E+0001
-1.19927892684936E+0001
 9.50580787658691E+0000
-1.37937488555908E+0001
-1.32427892684936E+0001
 1.16708717346191E+0001
-1.19636220932006E+0001
-1.19927892684936E+0001
 9.50580787658691E+0000
-1.37937488555908E+0001
-1.38229169845581E+0001
 9.50580787658691E+0000
-1.19636220932006E+0001
-1.38229169845581E+0001
 9.50580787658691E+0000
-1.19636220932006E+0001
-1.19927892684936E+0001
 9.50580787658691E+0000
-1.37937488555908E+0001
-1.19927892684936E+0001
-1.04941921234130E+0001
-1.37937488555908E+0001
-1.38229169845581E+0001
 9.50580787658691E+0000
-1.19636220932006E+0001
-1.19927892684936E+0001
-1.04941921234130E+0001
-1.37937488555908E+0001
-1.38229169845581E+0001
-1.04941921234130E+0001
-1.19636220932006E+0001
-1.38229169845581E+0001
-1.04941921234130E+0001
-1.19636220932006E+0001
-1.19927892684936E+0001
-1.04941921234130E+0001
-1.37937488555908E+0001
-1.16578531265258E+0001
-1.17441921234130E+0001
-1.37937488555908E+0001
-1.38229169845581E+0001
-1.04941921234130E+0001
-1.19636220932006E+0001
-1.16578531265258E+0001
-1.17441921234130E+0001
-1.37937488555908E+0001
-1.32427892684936E+0001
-1.26592559814453E+0001
-1.19636220932006E+0001
-1.32427892684936E+0001
-1.26592559814453E+0001
-1.19636220932006E+0001
-1.16578531265258E+0001
-1.17441921234130E+0001
-1.37937488555908E+0001
-1.07427892684936E+0001
-1.26592559814453E+0001
-1.37937488555908E+0001
-1.32427892684936E+0001
-1.26592559814453E+0001
-1.19636220932006E+0001
-1.07427892684936E+0001
-1.26592559814453E+0001
-1.37937488555908E+0001
-1.16578531265258E+0001
-1.42441921234130E+0001
-1.19636220932006E+0001
-1.16578531265258E+0001
-1.42441921234130E+0001
-1.19636220932006E+0001
-1.07427892684936E+0001
-1.26592559814453E+0001
-1.37937488555908E+0001
-9.49278926849365E+0000
-1.29941921234130E+0001
-1.37937488555908E+0001
-1.16578531265258E+0001
-1.42441921234130E+0001
-1.19636220932006E+0001
-9.49278926849365E+0000
-1.29941921234130E+0001
-1.37937488555908E+0001
-9.49278926849365E+0000
-1.48243198394775E+0001
-1.19636220932006E+0001
-9.49278926849365E+0000
-1.48243198394775E+0001
-1.19636220932006E+0001
-9.49278926849365E+0000
-1.29941921234130E+0001
-1.37937488555908E+0001
 1.05072107315063E+0001
-1.29941921234130E+0001
-1.37937488555908E+0001
-9.49278926849365E+0000
-1.48243198394775E+0001
-1.19636220932006E+0001
 1.05072107315063E+0001
-1.29941921234130E+0001
-1.37937488555908E+0001
 1.05072107315063E+0001
-1.48243198394775E+0001
-1.19636220932006E+0001
 1.05072107315063E+0001
-1.48243198394775E+0001
-1.19636220932006E+0001
 1.05072107315063E+0001
-1.29941921234130E+0001
-1.37937488555908E+0001
 1.17572107315063E+0001
-1.26592559814453E+0001
-1.37937488555908E+0001
 1.05072107315063E+0001
-1.48243198394775E+0001
-1.19636220932006E+0001
 1.17572107315063E+0001
-1.26592559814453E+0001
-1.37937488555908E+0001
 1.26722745895385E+0001
-1.42441921234130E+0001
-1.19636220932006E+0001
 1.26722745895385E+0001
-1.42441921234130E+0001
-1.19636220932006E+0001
 1.17572107315063E+0001
-1.26592559814453E+0001
-1.37937488555908E+0001
 1.26722745895385E+0001
-1.17441921234130E+0001
-1.37937488555908E+0001
 1.26722745895385E+0001
-1.42441921234130E+0001
-1.19636220932006E+0001
 1.26722745895385E+0001
-1.17441921234130E+0001
-1.37937488555908E+0001
 1.42572107315063E+0001
-1.26592559814453E+0001
-1.19636220932006E+0001
 1.42572107315063E+0001
-1.26592559814453E+0001
-1.19636220932006E+0001
 1.26722745895385E+0001
-1.17441921234130E+0001
-1.37937488555908E+0001
 1.30072107315063E+0001
-1.04941921234130E+0001
-1.37937488555908E+0001
 1.42572107315063E+0001
-1.26592559814453E+0001
-1.19636220932006E+0001
 1.30072107315063E+0001
-1.04941921234130E+0001
-1.37937488555908E+0001
 1.48373384475708E+0001
-1.04941921234130E+0001
-1.19636220932006E+0001
 1.48373384475708E+0001
-1.04941921234130E+0001
-1.19636220932006E+0001
 1.30072107315063E+0001
-1.04941921234130E+0001
-1.37937488555908E+0001
 1.30072107315063E+0001
 9.50580787658691E+0000
-1.37937488555908E+0001
 1.48373384475708E+0001
-1.04941921234130E+0001
-1.19636220932006E+0001
 1.30072107315063E+0001
 9.50580787658691E+0000
-1.37937488555908E+0001
 1.48373384475708E+0001
 9.50580787658691E+0000
-1.19636220932006E+0001
 1.48373384475708E+0001
 9.50580787658691E+0000
-1.19636220932006E+0001
 1.30072107315063E+0001
 9.50580787658691E+0000
-1.37937488555908E+0001
 1.26722745895385E+0001
 1.07558078765869E+0001
-1.37937488555908E+0001
 1.48373384475708E+0001
 9.50580787658691E+0000
-1.19636220932006E+0001
 1.26722745895385E+0001
 1.07558078765869E+0001
-1.37937488555908E+0001
 1.42572107315063E+0001
 1.16708717346191E+0001
-1.19636220932006E+0001
 1.42572107315063E+0001
 1.16708717346191E+0001
-1.19636220932006E+0001
 1.26722745895385E+0001
 1.07558078765869E+0001
-1.37937488555908E+0001
 1.17572107315063E+0001
 1.16708717346191E+0001
-1.37937488555908E+0001
 1.42572107315063E+0001
 1.16708717346191E+0001
-1.19636220932006E+0001
 1.17572107315063E+0001
 1.16708717346191E+0001
-1.37937488555908E+0001
 1.26722745895385E+0001
 1.32558078765869E+0001
-1.19636220932006E+0001
 1.26722745895385E+0001
 1.32558078765869E+0001
-1.19636220932006E+0001
 1.17572107315063E+0001
 1.16708717346191E+0001
-1.37937488555908E+0001
 1.05072107315063E+0001
 1.20058078765869E+0001
-1.37937488555908E+0001
 1.26722745895385E+0001
 1.32558078765869E+0001
-1.19636220932006E+0001
 1.05072107315063E+0001
 1.20058078765869E+0001
-1.37937488555908E+0001
 1.05072107315063E+0001
 1.38359355926513E+0001
-1.19636220932006E+0001
 1.05072107315063E+0001
 1.38359355926513E+0001
-1.19636220932006E+0001
 1.05072107315063E+0001
 1.20058078765869E+0001
-1.37937488555908E+0001
-9.49278926849365E+0000
 1.20058078765869E+0001
-1.37937488555908E+0001
 1.05072107315063E+0001
 1.38359355926513E+0001
-1.19636220932006E+0001
-9.49278926849365E+0000
 1.20058078765869E+0001
-1.37937488555908E+0001
-9.49278926849365E+0000
 1.38359355926513E+0001
-1.19636220932006E+0001
-9.49278926849365E+0000
 1.20058078765869E+0001
-1.37937488555908E+0001
-9.49278926849365E+0000
 9.50580787658691E+0000
-1.44636220932006E+0001
-1.07427892684936E+0001
 1.16708717346191E+0001
-1.37937488555908E+0001
-1.07427892684936E+0001
 1.16708717346191E+0001
-1.37937488555908E+0001
-9.49278926849365E+0000
 9.50580787658691E+0000
-1.44636220932006E+0001
-1.16578531265258E+0001
 1.07558078765869E+0001
-1.37937488555908E+0001
-1.16578531265258E+0001
 1.07558078765869E+0001
-1.37937488555908E+0001
-9.49278926849365E+0000
 9.50580787658691E+0000
-1.44636220932006E+0001
-1.19927892684936E+0001
 9.50580787658691E+0000
-1.37937488555908E+0001
-1.19927892684936E+0001
 9.50580787658691E+0000
-1.37937488555908E+0001
-9.49278926849365E+0000
 9.50580787658691E+0000
-1.44636220932006E+0001
-9.49278926849365E+0000
-1.04941921234130E+0001
-1.44636220932006E+0001
-1.19927892684936E+0001
 9.50580787658691E+0000
-1.37937488555908E+0001
-9.49278926849365E+0000
-1.04941921234130E+0001
-1.44636220932006E+0001
-1.19927892684936E+0001
-1.04941921234130E+0001
-1.37937488555908E+0001
-1.19927892684936E+0001
-1.04941921234130E+0001
-1.37937488555908E+0001
-9.49278926849365E+0000
-1.04941921234130E+0001
-1.44636220932006E+0001
-1.16578531265258E+0001
-1.17441921234130E+0001
-1.37937488555908E+0001
-1.16578531265258E+0001
-1.17441921234130E+0001
-1.37937488555908E+0001
-9.49278926849365E+0000
-1.04941921234130E+0001
-1.44636220932006E+0001
-1.07427892684936E+0001
-1.26592559814453E+0001
-1.37937488555908E+0001
-1.07427892684936E+0001
-1.26592559814453E+0001
-1.37937488555908E+0001
-9.49278926849365E+0000
-1.04941921234130E+0001
-1.44636220932006E+0001
-9.49278926849365E+0000
-1.29941921234130E+0001
-1.37937488555908E+0001
-9.49278926849365E+0000
-1.29941921234130E+0001
-1.37937488555908E+0001
-9.49278926849365E+0000
-1.04941921234130E+0001
-1.44636220932006E+0001
 1.05072107315063E+0001
-1.04941921234130E+0001
-1.44636220932006E+0001
-9.49278926849365E+0000
-1.29941921234130E+0001
-1.37937488555908E+0001
 1.05072107315063E+0001
-1.04941921234130E+0001
-1.44636220932006E+0001
 1.05072107315063E+0001
-1.29941921234130E+0001
-1.37937488555908E+0001
 1.05072107315063E+0001
-1.29941921234130E+0001
-1.37937488555908E+0001
 1.05072107315063E+0001
-1.04941921234130E+0001
-1.44636220932006E+0001
 1.17572107315063E+0001
-1.26592559814453E+0001
-1.37937488555908E+0001
 1.17572107315063E+0001
-1.26592559814453E+0001
-1.37937488555908E+0001
 1.05072107315063E+0001
-1.04941921234130E+0001
-1.44636220932006E+0001
 1.26722745895385E+0001
-1.17441921234130E+0001
-1.37937488555908E+0001
 1.26722745895385E+0001
-1.17441921234130E+0001
-1.37937488555908E+0001
 1.05072107315063E+0001
-1.04941921234130E+0001
-1.44636220932006E+0001
 1.30072107315063E+0001
-1.04941921234130E+0001
-1.37937488555908E+0001
 1.30072107315063E+0001
-1.04941921234130E+0001
-1.37937488555908E+0001
 1.05072107315063E+0001
-1.04941921234130E+0001
-1.44636220932006E+0001
 1.05072107315063E+0001
 9.50580787658691E+0000
-1.44636220932006E+0001
 1.30072107315063E+0001
-1.04941921234130E+0001
-1.37937488555908E+0001
 1.05072107315063E+0001
 9.50580787658691E+0000
-1.44636220932006E+0001
 1.30072107315063E+0001
 9.50580787658691E+0000
-1.37937488555908E+0001
 1.30072107315063E+0001
 9.50580787658691E+0000
-1.37937488555908E+0001
 1.05072107315063E+0001
 9.50580787658691E+0000
-1.44636220932006E+0001
 1.26722745895385E+0001
 1.07558078765869E+0001
-1.37937488555908E+0001
 1.26722745895385E+0001
 1.07558078765869E+0001
-1.37937488555908E+0001
 1.05072107315063E+0001
 9.50580787658691E+0000
-1.44636220932006E+0001
 1.17572107315063E+0001
 1.16708717346191E+0001
-1.37937488555908E+0001
 1.17572107315063E+0001
 1.16708717346191E+0001
-1.37937488555908E+0001
 1.05072107315063E+0001
 9.50580787658691E+0000
-1.44636220932006E+0001
 1.05072107315063E+0001
 1.20058078765869E+0001
-1.37937488555908E+0001
 1.05072107315063E+0001
 1.20058078765869E+0001
-1.37937488555908E+0001
 1.05072107315063E+0001
 9.50580787658691E+0000
-1.44636220932006E+0001
-9.49278926849365E+0000
 9.50580787658691E+0000
-1.44636220932006E+0001
 1.05072107315063E+0001
 1.20058078765869E+0001
-1.37937488555908E+0001
-9.49278926849365E+0000
 9.50580787658691E+0000
-1.44636220932006E+0001
-9.49278926849365E+0000
 1.20058078765869E+0001
-1.37937488555908E+0001
 1.05072107315063E+0001
 9.50580787658691E+0000
-1.44636220932006E+0001
 1.05072107315063E+0001
-1.04941921234130E+0001
-1.44636220932006E+0001
-9.49278926849365E+0000
-1.04941921234130E+0001
-1.44636220932006E+0001
 1.05072107315063E+0001
 9.50580787658691E+0000
-1.44636220932006E+0001
-9.49278926849365E+0000
-1.04941921234130E+0001
-1.44636220932006E+0001
-9.49278926849365E+0000
 9.50580787658691E+0000
-1.44636220932006E+0001