 8.86084973812103E-0001
-6.42548978328705E-0001
 1.64975776672363E+0001
 1.18860864639282E+0001
-6.42548978328705E-0001
 1.64975776672363E+0001
 1.04123649597168E+0001
 4.85745000839233E+0000
 1.64975776672363E+0001
 8.86084973812103E-0001
-6.42548978328705E-0001
 1.64975776672363E+0001
 1.04123649597168E+0001
 4.85745000839233E+0000
 1.64975776672363E+0001
 6.38608503341675E+0000
 8.88372993469238E+0000
 1.64975776672363E+0001
 8.86084973812103E-0001
-6.42548978328705E-0001
 1.64975776672363E+0001
 6.38608503341675E+0000
 8.88372993469238E+0000
 1.64975776672363E+0001
 8.86084973812103E-0001
 1.03574495315551E+0001
 1.64975776672363E+0001
 8.86084973812103E-0001
-6.42548978328705E-0001
 1.64975776672363E+0001
 8.86084973812103E-0001
 1.03574495315551E+0001
 1.64975776672363E+0001
-4.61391496658325E+0000
 8.88372993469238E+0000
 1.64975776672363E+0001
 8.86084973812103E-0001
-6.42548978328705E-0001
 1.64975776672363E+0001
-4.61391496658325E+0000
 8.88372993469238E+0000
 1.64975776672363E+0001
-8.64019393920898E+0000
 4.85745000839233E+0000
 1.64975776672363E+0001
 8.86084973812103E-0001
-6.42548978328705E-0001
 1.64975776672363E+0001
-8.64019393920898E+0000
 4.85745000839233E+0000
 1.64975776672363E+0001
-1.01139135360717E+0001
-6.42549991607666E-0001
 1.64975776672363E+0001
 8.86084973812103E-0001
-6.42548978328705E-0001
 1.64975776672363E+0001
-1.01139135360717E+0001
-6.42549991607666E-0001
 1.64975776672363E+0001
-8.64019298553467E+0000
-6.14254999160767E+0000
 1.64975776672363E+0001
 8.86084973812103E-0001
-6.42548978328705E-0001
 1.64975776672363E+0001
-8.64019298553467E+0000
-6.14254999160767E+0000
 1.64975776672363E+0001
-4.61391401290894E+0000
-1.01688289642334E+0001
 1.64975776672363E+0001
 8.86084973812103E-0001
-6.42548978328705E-0001
 1.64975776672363E+0001
-4.61391401290894E+0000
-1.01688289642334E+0001
 1.64975776672363E+0001
 8.86087000370026E-0001
-1.16425504684448E+0001
 1.64975776672363E+0001
 8.86084973812103E-0001
-6.42548978328705E-0001
 1.64975776672363E+0001
 8.86087000370026E-0001
-1.16425504684448E+0001
 1.64975776672363E+0001
 6.38608694076538E+0000
-1.01688280105590E+0001
 1.64975776672363E+0001
 8.86084973812103E-0001
-6.42548978328705E-0001
 1.64975776672363E+0001
 6.38608694076538E+0000
-1.01688280105590E+0001
 1.64975776672363E+0001
 1.04123659133911E+0001
-6.14254808425903E+0000
 1.64975776672363E+0001
 8.86084973812103E-0001
-6.42548978328705E-0001
 1.64975776672363E+0001
 1.04123659133911E+0001
-6.14254808425903E+0000
 1.64975776672363E+0001
 1.18860864639282E+0001
-6.42548978328705E-0001
 1.64975776672363E+0001
 1.18860864639282E+0001
-6.42548978328705E-0001
 1.64975776672363E+0001
 1.58860864639282E+0001
-6.42548978328705E-0001
 1.24975786209106E+0001
 1.38764667510986E+0001
 6.85745000839233E+0000
 1.24975786209106E+0001
 1.18860864639282E+0001
-6.42548978328705E-0001
 1.64975776672363E+0001
 1.38764667510986E+0001
 6.85745000839233E+0000
 1.24975786209106E+0001
 1.04123649597168E+0001
 4.85745000839233E+0000
 1.64975776672363E+0001
 1.04123649597168E+0001
 4.85745000839233E+0000
 1.64975776672363E+0001
 1.38764667510986E+0001
 6.85745000839233E+0000
 1.24975786209106E+0001
 8.38608455657959E+0000
 1.23478317260742E+0001
 1.24975786209106E+0001
 1.04123649597168E+0001
 4.85745000839233E+0000
 1.64975776672363E+0001
 8.38608455657959E+0000
 1.23478317260742E+0001
 1.24975786209106E+0001
 6.38608503341675E+0000
 8.88372993469238E+0000
 1.64975776672363E+0001
 6.38608503341675E+0000
 8.88372993469238E+0000
 1.64975776672363E+0001
 8.38608455657959E+0000
 1.23478317260742E+0001
 1.24975786209106E+0001
 8.86084973812103E-0001
 1.43574495315551E+0001
 1.24975786209106E+0001
 6.38608503341675E+0000
 8.88372993469238E+0000
 1.64975776672363E+0001
 8.86084973812103E-0001
 1.43574495315551E+0001
 1.24975786209106E+0001
 8.86084973812103E-0001
 1.03574495315551E+0001
 1.64975776672363E+0001
 8.86084973812103E-0001
 1.03574495315551E+0001
 1.64975776672363E+0001
 8.86084973812103E-0001
 1.43574495315551E+0001
 1.24975786209106E+0001
-6.61391496658325E+0000
 1.23478317260742E+0001
 1.24975786209106E+0001
 8.86084973812103E-0001
 1.03574495315551E+0001
 1.64975776672363E+0001
-6.61391496658325E+0000
 1.23478317260742E+0001
 1.24975786209106E+0001
-4.61391496658325E+0000
 8.88372993469238E+0000
 1.64975776672363E+0001
-4.61391496658325E+0000
 8.88372993469238E+0000
 1.64975776672363E+0001
-6.61391496658325E+0000
 1.23478317260742E+0001
 1.24975786209106E+0001
-1.21042957305908E+0001
 6.85745000839233E+0000
 1.24975786209106E+0001
-4.61391496658325E+0000
 8.88372993469238E+0000
 1.64975776672363E+0001
-1.21042957305908E+0001
 6.85745000839233E+0000
 1.24975786209106E+0001
-8.64019393920898E+0000
 4.85745000839233E+0000
 1.64975776672363E+0001
-8.64019393920898E+0000
 4.85745000839233E+0000
 1.64975776672363E+0001
-1.21042957305908E+0001
 6.85745000839233E+0000
 1.24975786209106E+0001
-1.41139135360717E+0001
-6.42551004886627E-0001
 1.24975786209106E+0001
-8.64019393920898E+0000
 4.85745000839233E+0000
 1.64975776672363E+0001
-1.41139135360717E+0001
-6.42551004886627E-0001
 1.24975786209106E+0001
-1.01139135360717E+0001
-6.42549991607666E-0001
 1.64975776672363E+0001
-1.01139135360717E+0001
-6.42549991607666E-0001
 1.64975776672363E+0001
-1.41139135360717E+0001
-6.42551004886627E-0001
 1.24975786209106E+0001
-1.21042947769165E+0001
-8.14255046844482E+0000
 1.24975786209106E+0001
-1.01139135360717E+0001
-6.42549991607666E-0001
 1.64975776672363E+0001
-1.21042947769165E+0001
-8.14255046844482E+0000
 1.24975786209106E+0001
-8.64019298553467E+0000
-6.14254999160767E+0000
 1.64975776672363E+0001
-8.64019298553467E+0000
-6.14254999160767E+0000
 1.64975776672363E+0001
-1.21042947769165E+0001
-8.14255046844482E+0000
 1.24975786209106E+0001
-6.61391305923462E+0000
-1.36329307556152E+0001
 1.24975786209106E+0001
-8.64019298553467E+0000
-6.14254999160767E+0000
 1.64975776672363E+0001
-6.61391305923462E+0000
-1.36329307556152E+0001
 1.24975786209106E+0001
-4.61391401290894E+0000
-1.01688289642334E+0001
 1.64975776672363E+0001
-4.61391401290894E+0000
-1.01688289642334E+0001
 1.64975776672363E+0001
-6.61391305923462E+0000
-1.36329307556152E+0001
 1.24975786209106E+0001
 8.86087000370026E-0001
-1.56425504684448E+0001
 1.24975786209106E+0001
-4.61391401290894E+0000
-1.01688289642334E+0001
 1.64975776672363E+0001
 8.86087000370026E-0001
-1.56425504684448E+0001
 1.24975786209106E+0001
 8.86087000370026E-0001
-1.16425504684448E+0001
 1.64975776672363E+0001
 8.86087000370026E-0001
-1.16425504684448E+0001
 1.64975776672363E+0001
 8.86087000370026E-0001
-1.56425504684448E+0001
 1.24975786209106E+0001
 8.38608741760254E+0000
-1.36329298019409E+0001
 1.24975786209106E+0001
 8.86087000370026E-0001
-1.16425504684448E+0001
 1.64975776672363E+0001
 8.38608741760254E+0000
-1.36329298019409E+0001
 1.24975786209106E+0001
 6.38608694076538E+0000
-1.01688280105590E+0001
 1.64975776672363E+0001
 6.38608694076538E+0000
-1.01688280105590E+0001
 1.64975776672363E+0001
 8.38608741760254E+0000
-1.36329298019409E+0001
 1.24975786209106E+0001
 1.38764677047729E+0001
-8.14254665374756E+0000
 1.24975786209106E+0001
 6.38608694076538E+0000
-1.01688280105590E+0001
 1.64975776672363E+0001
 1.38764677047729E+0001
-8.14254665374756E+0000
 1.24975786209106E+0001
 1.04123659133911E+0001
-6.14254808425903E+0000
 1.64975776672363E+0001
 1.04123659133911E+0001
-6.14254808425903E+0000
 1.64975776672363E+0001
 1.38764677047729E+0001
-8.14254665374756E+0000
 1.24975786209106E+0001
 1.58860864639282E+0001
-6.42548978328705E-0001
 1.24975786209106E+0001
 1.04123659133911E+0001
-6.14254808425903E+0000
 1.64975776672363E+0001
 1.58860864639282E+0001
-6.42548978328705E-0001
 1.24975786209106E+0001
 1.18860864639282E+0001
-6.42548978328705E-0001
 1.64975776672363E+0001
 1.58860864639282E+0001
-6.42548978328705E-0001
 1.24975786209106E+0001
 1.58860864639282E+0001
-6.42548978328705E-0001
-9.50242137908936E+0000
 1.38764667510986E+0001
 6.85745000839233E+0000
-9.50242137908936E+0000
 1.58860864639282E+0001
-6.42548978328705E-0001
 1.24975786209106E+0001
 1.38764667510986E+0001
 6.85745000839233E+0000
-9.50242137908936E+0000
 1.38764667510986E+0001
 6.85745000839233E+0000
 1.24975786209106E+0001
 1.38764667510986E+0001
 6.85745000839233E+0000
 1.24975786209106E+0001
 1.38764667510986E+0001
 6.85745000839233E+0000
-9.50242137908936E+0000
 8.38608455657959E+0000
 1.23478317260742E+0001
-9.50242137908936E+0000
 1.38764667510986E+0001
 6.85745000839233E+0000
 1.24975786209106E+0001
 8.38608455657959E+0000
 1.23478317260742E+0001
-9.50242137908936E+0000
 8.38608455657959E+0000
 1.23478317260742E+0001
 1.24975786209106E+0001
 8.38608455657959E+0000
 1.23478317260742E+0001
 1.24975786209106E+0001
 8.38608455657959E+0000
 1.23478317260742E+0001
-9.50242137908936E+0000
 8.86084973812103E-0001
 1.43574495315551E+0001
-9.50242137908936E+0000
 8.38608455657959E+0000
 1.23478317260742E+0001
 1.24975786209106E+0001
 8.86084973812103E-0001
 1.43574495315551E+0001
-9.50242137908936E+0000
 8.86084973812103E-0001
 1.43574495315551E+0001
 1.24975786209106E+0001
 8.86084973812103E-0001
 1.43574495315551E+0001
 1.24975786209106E+0001
 8.86084973812103E-0001
 1.43574495315551E+0001
-9.50242137908936E+0000
-6.61391496658325E+0000
 1.23478317260742E+0001
-9.50242137908936E+0000
 8.86084973812103E-0001
 1.43574495315551E+0001
 1.24975786209106E+0001
-6.61391496658325E+0000
 1.23478317260742E+0001
-9.50242137908936E+0000
-6.61391496658325E+0000
 1.23478317260742E+0001
 1.24975786209106E+0001
-6.61391496658325E+0000
 1.23478317260742E+0001
 1.24975786209106E+0001
-6.61391496658325E+0000
 1.23478317260742E+0001
-9.50242137908936E+0000
-1.21042957305908E+0001
 6.85745000839233E+0000
-9.50242137908936E+0000
-6.61391496658325E+0000
 1.23478317260742E+0001
 1.24975786209106E+0001
-1.21042957305908E+0001
 6.85745000839233E+0000
-9.50242137908936E+0000
-1.21042957305908E+0001
 6.85745000839233E+0000
 1.24975786209106E+0001
-1.21042957305908E+0001
 6.85745000839233E+0000
 1.24975786209106E+0001
-1.21042957305908E+0001
 6.85745000839233E+0000
-9.50242137908936E+0000
-1.41139135360717E+0001
-6.42551004886627E-0001
-9.50242137908936E+0000
-1.21042957305908E+0001
 6.85745000839233E+0000
 1.24975786209106E+0001
-1.41139135360717E+0001
-6.42551004886627E-0001
-9.50242137908936E+0000
-1.41139135360717E+0001
-6.42551004886627E-0001
 1.24975786209106E+0001
-1.41139135360717E+0001
-6.42551004886627E-0001
 1.24975786209106E+0001
-1.41139135360717E+0001
-6.42551004886627E-0001
-9.50242137908936E+0000
-1.21042947769165E+0001
-8.14255046844482E+0000
-9.50242137908936E+0000
-1.41139135360717E+0001
-6.42551004886627E-0001
 1.24975786209106E+0001
-1.21042947769165E+0001
-8.14255046844482E+0000
-9.50242137908936E+0000
-1.21042947769165E+0001
-8.14255046844482E+0000
 1.24975786209106E+0001
-1.21042947769165E+0001
-8.14255046844482E+0000
 1.24975786209106E+0001
-1.21042947769165E+0001
-8.14255046844482E+0000
-9.50242137908936E+0000
-6.61391305923462E+0000
-1.36329307556152E+0001
-9.50242137908936E+0000
-1.21042947769165E+0001
-8.14255046844482E+0000
 1.24975786209106E+0001
-6.61391305923462E+0000
-1.36329307556152E+0001
-9.50242137908936E+0000
-6.61391305923462E+0000
-1.36329307556152E+0001
 1.24975786209106E+0001
-6.61391305923462E+0000
-1.36329307556152E+0001
 1.24975786209106E+0001
-6.61391305923462E+0000
-1.36329307556152E+0001
-9.50242137908936E+0000
 8.86087000370026E-0001
-1.56425504684448E+0001
-9.50242137908936E+0000
-6.61391305923462E+0000
-1.36329307556152E+0001
 1.24975786209106E+0001
 8.86087000370026E-0001
-1.56425504684448E+0001
-9.50242137908936E+0000
 8.86087000370026E-0001
-1.56425504684448E+0001
 1.24975786209106E+0001
 8.86087000370026E-0001
-1.56425504684448E+0001
 1.24975786209106E+0001
 8.86087000370026E-0001
-1.56425504684448E+0001
-9.50242137908936E+0000
 8.38608741760254E+0000
-1.36329298019409E+0001
-9.50242137908936E+0000
 8.86087000370026E-0001
-1.56425504684448E+0001
 1.24975786209106E+0001
 8.38608741760254E+0000
-1.36329298019409E+0001
-9.50242137908936E+0000
 8.38608741760254E+0000
-1.36329298019409E+0001
 1.24975786209106E+0001
 8.38608741760254E+0000
-1.36329298019409E+0001
 1.24975786209106E+0001
 8.38608741760254E+0000
-1.36329298019409E+0001
-9.50242137908936E+0000
 1.38764677047729E+0001
-8.14254665374756E+0000
-9.50242137908936E+0000
 8.38608741760254E+0000
-1.36329298019409E+0001
 1.24975786209106E+0001
 1.38764677047729E+0001
-8.14254665374756E+0000
-9.50242137908936E+0000
 1.38764677047729E+0001
-8.14254665374756E+0000
 1.24975786209106E+0001
 1.38764677047729E+0001
-8.14254665374756E+0000
 1.24975786209106E+0001
 1.38764677047729E+0001
-8.14254665374756E+0000
-9.50242137908936E+0000
 1.58860864639282E+0001
-6.42548978328705E-0001
-9.50242137908936E+0000
 1.38764677047729E+0001
-8.14254665374756E+0000
 1.24975786209106E+0001
 1.58860864639282E+0001
-6.42548978328705E-0001
-9.50242137908936E+0000
 1.58860864639282E+0001
-6.42548978328705E-0001
 1.24975786209106E+0001
 1.58860864639282E+0001
-6.42548978328705E-0001
-9.50242137908936E+0000
 1.18860864639282E+0001
-6.42548978328705E-0001
-1.35024213790893E+0001
 1.04123649597168E+0001
 4.85745000839233E+0000
-1.35024213790893E+0001
 1.58860864639282E+0001
-6.42548978328705E-0001
-9.50242137908936E+0000
 1.04123649597168E+0001
 4.85745000839233E+0000
-1.35024213790893E+0001
 1.38764667510986E+0001
 6.85745000839233E+0000
-9.50242137908936E+0000
 1.38764667510986E+0001
 6.85745000839233E+0000
-9.50242137908936E+0000
 1.04123649597168E+0001
 4.85745000839233E+0000
-1.35024213790893E+0001
 6.38608503341675E+0000
 8.88372993469238E+0000
-1.35024213790893E+0001
 1.38764667510986E+0001
 6.85745000839233E+0000
-9.50242137908936E+0000
 6.38608503341675E+0000
 8.88372993469238E+0000
-1.35024213790893E+0001
 8.38608455657959E+0000
 1.23478317260742E+0001
-9.50242137908936E+0000
 8.38608455657959E+0000
 1.23478317260742E+0001
-9.50242137908936E+0000
 6.38608503341675E+0000
 8.88372993469238E+0000
-1.35024213790893E+0001
 8.86084973812103E-0001
 1.03574495315551E+0001
-1.35024213790893E+0001
 8.38608455657959E+0000
 1.23478317260742E+0001
-9.50242137908936E+0000
 8.86084973812103E-0001
 1.03574495315551E+0001
-1.35024213790893E+0001
 8.86084973812103E-0001
 1.43574495315551E+0001
-9.50242137908936E+0000
 8.86084973812103E-0001
 1.43574495315551E+0001
-9.50242137908936E+0000
 8.86084973812103E-0001
 1.03574495315551E+0001
-1.35024213790893E+0001
-4.61391496658325E+0000
 8.88372993469238E+0000
-1.35024213790893E+0001
 8.86084973812103E-0001
 1.43574495315551E+0001
-9.50242137908936E+0000
-4.61391496658325E+0000
 8.88372993469238E+0000
-1.35024213790893E+0001
-6.61391496658325E+0000
 1.23478317260742E+0001
-9.50242137908936E+0000
-6.61391496658325E+0000
 1.23478317260742E+0001
-9.50242137908936E+0000
-4.61391496658325E+0000
 8.88372993469238E+0000
-1.35024213790893E+0001
-8.64019393920898E+0000
 4.85745000839233E+0000
-1.35024213790893E+0001
-6.61391496658325E+0000
 1.23478317260742E+0001
-9.50242137908936E+0000
-8.64019393920898E+0000
 4.85745000839233E+0000
-1.35024213790893E+0001
-1.21042957305908E+0001
 6.85745000839233E+0000
-9.50242137908936E+0000
-1.21042957305908E+0001
 6.85745000839233E+0000
-9.50242137908936E+0000
-8.64019393920898E+0000
 4.85745000839233E+0000
-1.35024213790893E+0001
-1.01139135360717E+0001
-6.42549991607666E-0001
-1.35024213790893E+0001
-1.21042957305908E+0001
 6.85745000839233E+0000
-9.50242137908936E+0000
-1.01139135360717E+0001
-6.42549991607666E-0001
-1.35024213790893E+0001
-1.41139135360717E+0001
-6.42551004886627E-0001
-9.50242137908936E+0000
-1.41139135360717E+0001
-6.42551004886627E-0001
-9.50242137908936E+0000
-1.01139135360717E+0001
-6.42549991607666E-0001
-1.35024213790893E+0001
-8.64019298553467E+0000
-6.14254999160767E+0000
-1.35024213790893E+0001
-1.41139135360717E+0001
-6.42551004886627E-0001
-9.50242137908936E+0000
-8.64019298553467E+0000
-6.14254999160767E+0000
-1.35024213790893E+0001
-1.21042947769165E+0001
-8.14255046844482E+0000
-9.50242137908936E+0000
-1.21042947769165E+0001
-8.14255046844482E+0000
-9.50242137908936E+0000
-8.64019298553467E+0000
-6.14254999160767E+0000
-1.35024213790893E+0001
-4.61391401290894E+0000
-1.01688289642334E+0001
-1.35024213790893E+0001
-1.21042947769165E+0001
-8.14255046844482E+0000
-9.50242137908936E+0000
-4.61391401290894E+0000
-1.01688289642334E+0001
-1.35024213790893E+0001
-6.61391305923462E+0000
-1.36329307556152E+0001
-9.50242137908936E+0000
-6.61391305923462E+0000
-1.36329307556152E+0001
-9.50242137908936E+0000
-4.61391401290894E+0000
-1.01688289642334E+0001
-1.35024213790893E+0001
 8.86087000370026E-0001
-1.16425504684448E+0001
-1.35024213790893E+0001
-6.61391305923462E+0000
-1.36329307556152E+0001
-9.50242137908936E+0000
 8.86087000370026E-0001
-1.16425504684448E+0001
-1.35024213790893E+0001
 8.86087000370026E-0001
-1.56425504684448E+0001
-9.50242137908936E+0000
 8.86087000370026E-0001
-1.56425504684448E+0001
-9.50242137908936E+0000
 8.86087000370026E-0001
-1.16425504684448E+0001
-1.35024213790893E+0001
 6.38608694076538E+0000
-1.01688280105590E+0001
-1.35024213790893E+0001
 8.86087000370026E-0001
-1.56425504684448E+0001
-9.50242137908936E+0000
 6.38608694076538E+0000
-1.01688280105590E+0001
-1.35024213790893E+0001
 8.38608741760254E+0000
-1.36329298019409E+0001
-9.50242137908936E+0000
 8.38608741760254E+0000
-1.36329298019409E+0001
-9.50242137908936E+0000
 6.38608694076538E+0000
-1.01688280105590E+0001
-1.35024213790893E+0001
 1.04123659133911E+0001
-6.14254808425903E+0000
-1.35024213790893E+0001
 8.38608741760254E+0000
-1.36329298019409E+0001
-9.50242137908936E+0000
 1.04123659133911E+0001
-6.14254808425903E+0000
-1.35024213790893E+0001
 1.38764677047729E+0001
-8.14254665374756E+0000
-9.50242137908936E+0000
 1.38764677047729E+0001
-8.14254665374756E+0000
-9.50242137908936E+0000
 1.04123659133911E+0001
-6.14254808425903E+0000
-1.35024213790893E+0001
 1.18860864639282E+0001
-6.42548978328705E-0001
-1.35024213790893E+0001
 1.38764677047729E+0001
-8.14254665374756E+0000
-9.50242137908936E+0000
 1.18860864639282E+0001
-6.42548978328705E-0001
-1.35024213790893E+0001
 1.58860864639282E+0001
-6.42548978328705E-0001
-9.50242137908936E+0000
 1.18860864639282E+0001
-6.42548978328705E-0001
-1.35024213790893E+0001
 8.86084973812103E-0001
-6.42548978328705E-0001
-1.35024213790893E+0001
 1.04123649597168E+0001
 4.85745000839233E+0000
-1.35024213790893E+0001
 1.04123649597168E+0001
 4.85745000839233E+0000
-1.35024213790893E+0001
 8.86084973812103E-0001
-6.42548978328705E-0001
-1.35024213790893E+0001
 6.38608503341675E+0000
 8.88372993469238E+0000
-1.35024213790893E+0001
 6.38608503341675E+0000
 8.88372993469238E+0000
-1.35024213790893E+0001
 8.86084973812103E-0001
-6.42548978328705E-0001
-1.35024213790893E+0001
 8.86084973812103E-0001
 1.03574495315551E+0001
-1.35024213790893E+0001
 8.86084973812103E-0001
 1.03574495315551E+0001
-1.35024213790893E+0001
 8.86084973812103E-0001
-6.42548978328705E-0001
-1.35024213790893E+0001
-4.61391496658325E+0000
 8.88372993469238E+0000
-1.35024213790893E+0001
-4.61391496658325E+0000
 8.88372993469238E+0000
-1.35024213790893E+0001
 8.86084973812103E-0001
-6.42548978328705E-0001
-1.35024213790893E+0001
-8.64019393920898E+0000
 4.85745000839233E+0000
-1.35024213790893E+0001
-8.64019393920898E+0000
 4.85745000839233E+0000
-1.35024213790893E+0001
 8.86084973812103E-0001
-6.42548978328705E-0001
-1.35024213790893E+0001
-1.01139135360717E+0001
-6.42549991607666E-0001
-1.35024213790893E+0001
-1.01139135360717E+0001
-6.42549991607666E-0001
-1.35024213790893E+0001
 8.86084973812103E-0001
-6.42548978328705E-0001
-1.35024213790893E+0001
-8.64019298553467E+0000
-6.14254999160767E+0000
-1.35024213790893E+0001
-8.64019298553467E+0000
-6.14254999160767E+0000
-1.35024213790893E+0001
 8.86084973812103E-0001
-6.42548978328705E-0001
-1.35024213790893E+0001
-4.61391401290894E+0000
-1.01688289642334E+0001
-1.35024213790893E+0001
-4.61391401290894E+0000
-1.01688289642334E+0001
-1.35024213790893E+0001
 8.86084973812103E-0001
-6.42548978328705E-0001
-1.35024213790893E+0001
 8.86087000370026E-0001
-1.16425504684448E+0001
-1.35024213790893E+0001
 8.86087000370026E-0001
-1.16425504684448E+0001
-1.35024213790893E+0001
 8.86084973812103E-0001
-6.42548978328705E-0001
-1.35024213790893E+0001
 6.38608694076538E+0000
-1.01688280105590E+0001
-1.35024213790893E+0001
 6.38608694076538E+0000
-1.01688280105590E+0001
-1.35024213790893E+0001
 8.86084973812103E-0001
-6.42548978328705E-0001
-1.35024213790893E+0001
 1.04123659133911E+0001
-6.14254808425903E+0000
-1.35024213790893E+0001
 1.04123659133911E+0001
-6.14254808425903E+0000
-1.35024213790893E+0001
 8.86084973812103E-0001
-6.42548978328705E-0001
-1.35024213790893E+0001
 1.18860864639282E+0001
-6.42548978328705E-0001
-1.35024213790893E+0001