 5.00856995582581E-0001
-5.02331018447876E-0001
-1.15700540542602E+0001
 2.94786319732666E+0001
 7.26224088668823E+0000
-1.15700540542602E+0001
 3.05008563995361E+0001
-5.02331018447876E-0001
-1.15700540542602E+0001
 5.00856995582581E-0001
-5.02331018447876E-0001
-1.15700540542602E+0001
 2.64816188812256E+0001
 1.44976692199707E+0001
-1.15700540542602E+0001
 2.94786319732666E+0001
 7.26224088668823E+0000
-1.15700540542602E+0001
 5.00856995582581E-0001
-5.02331018447876E-0001
-1.15700540542602E+0001
 2.17140598297119E+0001
 2.07108726501465E+0001
-1.15700540542602E+0001
 2.64816188812256E+0001
 1.44976692199707E+0001
-1.15700540542602E+0001
 5.00856995582581E-0001
-5.02331018447876E-0001
-1.15700540542602E+0001
 1.55008563995361E+0001
 2.54784317016602E+0001
-1.15700540542602E+0001
 2.17140598297119E+0001
 2.07108726501465E+0001
-1.15700540542602E+0001
 5.00856995582581E-0001
-5.02331018447876E-0001
-1.15700540542602E+0001
 8.26542758941650E+0000
 2.84754447937012E+0001
-1.15700540542602E+0001
 1.55008563995361E+0001
 2.54784317016602E+0001
-1.15700540542602E+0001
 5.00856995582581E-0001
-5.02331018447876E-0001
-1.15700540542602E+0001
 5.00855982303619E-0001
 2.94976692199707E+0001
-1.15700540542602E+0001
 8.26542758941650E+0000
 2.84754447937012E+0001
-1.15700540542602E+0001
 5.00856995582581E-0001
-5.02331018447876E-0001
-1.15700540542602E+0001
-7.26371479034424E+0000
 2.84754428863525E+0001
-1.15700540542602E+0001
 5.00855982303619E-0001
 2.94976692199707E+0001
-1.15700540542602E+0001
 5.00856995582581E-0001
-5.02331018447876E-0001
-1.15700540542602E+0001
-1.44991445541381E+0001
 2.54784297943115E+0001
-1.15700540542602E+0001
-7.26371479034424E+0000
 2.84754428863525E+0001
-1.15700540542602E+0001
 5.00856995582581E-0001
-5.02331018447876E-0001
-1.15700540542602E+0001
-2.07123489379883E+0001
 2.07108707427979E+0001
-1.15700540542602E+0001
-1.44991445541381E+0001
 2.54784297943115E+0001
-1.15700540542602E+0001
 5.00856995582581E-0001
-5.02331018447876E-0001
-1.15700540542602E+0001
-2.54799060821533E+0001
 1.44976673126220E+0001
-1.15700540542602E+0001
-2.07123489379883E+0001
 2.07108707427979E+0001
-1.15700540542602E+0001
 5.00856995582581E-0001
-5.02331018447876E-0001
-1.15700540542602E+0001
-2.84769191741943E+0001
 7.26223802566528E+0000
-1.15700540542602E+0001
-2.54799060821533E+0001
 1.44976673126220E+0001
-1.15700540542602E+0001
 5.00856995582581E-0001
-5.02331018447876E-0001
-1.15700540542602E+0001
-2.94991436004639E+0001
-5.02332985401154E-0001
-1.15700540542602E+0001
-2.84769191741943E+0001
 7.26223802566528E+0000
-1.15700540542602E+0001
 5.00856995582581E-0001
-5.02331018447876E-0001
-1.15700540542602E+0001
-2.84769172668457E+0001
-8.26690483093262E+0000
-1.15700540542602E+0001
-2.94991436004639E+0001
-5.02332985401154E-0001
-1.15700540542602E+0001
 5.00856995582581E-0001
-5.02331018447876E-0001
-1.15700540542602E+0001
-2.54799041748047E+0001
-1.55023336410522E+0001
-1.15700540542602E+0001
-2.84769172668457E+0001
-8.26690483093262E+0000
-1.15700540542602E+0001
 5.00856995582581E-0001
-5.02331018447876E-0001
-1.15700540542602E+0001
-2.07123451232910E+0001
-2.17155361175537E+0001
-1.15700540542602E+0001
-2.54799041748047E+0001
-1.55023336410522E+0001
-1.15700540542602E+0001
 5.00856995582581E-0001
-5.02331018447876E-0001
-1.15700540542602E+0001
-1.44991397857666E+0001
-2.64830951690674E+0001
-1.15700540542602E+0001
-2.07123451232910E+0001
-2.17155361175537E+0001
-1.15700540542602E+0001
 5.00856995582581E-0001
-5.02331018447876E-0001
-1.15700540542602E+0001
-7.26371002197266E+0000
-2.94801063537598E+0001
-1.15700540542602E+0001
-1.44991397857666E+0001
-2.64830951690674E+0001
-1.15700540542602E+0001
 5.00856995582581E-0001
-5.02331018447876E-0001
-1.15700540542602E+0001
 5.00860989093781E-0001
-3.05023307800293E+0001
-1.15700540542602E+0001
-7.26371002197266E+0000
-2.94801063537598E+0001
-1.15700540542602E+0001
 5.00856995582581E-0001
-5.02331018447876E-0001
-1.15700540542602E+0001
 8.26543235778809E+0000
-2.94801044464111E+0001
-1.15700540542602E+0001
 5.00860989093781E-0001
-3.05023307800293E+0001
-1.15700540542602E+0001
 5.00856995582581E-0001
-5.02331018447876E-0001
-1.15700540542602E+0001
 1.55008611679077E+0001
-2.64830913543701E+0001
-1.15700540542602E+0001
 8.26543235778809E+0000
-2.94801044464111E+0001
-1.15700540542602E+0001
 5.00856995582581E-0001
-5.02331018447876E-0001
-1.15700540542602E+0001
 2.17140636444092E+0001
-2.17155303955078E+0001
-1.15700540542602E+0001
 1.55008611679077E+0001
-2.64830913543701E+0001
-1.15700540542602E+0001
 5.00856995582581E-0001
-5.02331018447876E-0001
-1.15700540542602E+0001
 2.64816207885742E+0001
-1.55023269653320E+0001
-1.15700540542602E+0001
 2.17140636444092E+0001
-2.17155303955078E+0001
-1.15700540542602E+0001
 5.00856995582581E-0001
-5.02331018447876E-0001
-1.15700540542602E+0001
 2.94786319732666E+0001
-8.26689720153809E+0000
-1.15700540542602E+0001
 2.64816207885742E+0001
-1.55023269653320E+0001
-1.15700540542602E+0001
 5.00856995582581E-0001
-5.02331018447876E-0001
-1.15700540542602E+0001
 3.05008563995361E+0001
-5.02331018447876E-0001
-1.15700540542602E+0001
 2.94786319732666E+0001
-8.26689720153809E+0000
-1.15700540542602E+0001
 3.05008563995361E+0001
-5.02331018447876E-0001
-1.15700540542602E+0001
 2.36830768585205E+0001
 5.70932579040527E+0000
-5.57005405426025E+0000
 2.45008563995361E+0001
-5.02331018447876E-0001
-5.57005405426025E+0000
 3.05008563995361E+0001
-5.02331018447876E-0001
-1.15700540542602E+0001
 2.94786319732666E+0001
 7.26224088668823E+0000
-1.15700540542602E+0001
 2.36830768585205E+0001
 5.70932579040527E+0000
-5.57005405426025E+0000
 2.94786319732666E+0001
 7.26224088668823E+0000
-1.15700540542602E+0001
 2.12854652404785E+0001
 1.14976692199707E+0001
-5.57005405426025E+0000
 2.36830768585205E+0001
 5.70932579040527E+0000
-5.57005405426025E+0000
 2.94786319732666E+0001
 7.26224088668823E+0000
-1.15700540542602E+0001
 2.64816188812256E+0001
 1.44976692199707E+0001
-1.15700540542602E+0001
 2.12854652404785E+0001
 1.14976692199707E+0001
-5.57005405426025E+0000
 2.64816188812256E+0001
 1.44976692199707E+0001
-1.15700540542602E+0001
 1.74714183807373E+0001
 1.64682331085205E+0001
-5.57005405426025E+0000
 2.12854652404785E+0001
 1.14976692199707E+0001
-5.57005405426025E+0000
 2.64816188812256E+0001
 1.44976692199707E+0001
-1.15700540542602E+0001
 2.17140598297119E+0001
 2.07108726501465E+0001
-1.15700540542602E+0001
 1.74714183807373E+0001
 1.64682331085205E+0001
-5.57005405426025E+0000
 2.17140598297119E+0001
 2.07108726501465E+0001
-1.15700540542602E+0001
 1.25008563995361E+0001
 2.02822799682617E+0001
-5.57005405426025E+0000
 1.74714183807373E+0001
 1.64682331085205E+0001
-5.57005405426025E+0000
 2.17140598297119E+0001
 2.07108726501465E+0001
-1.15700540542602E+0001
 1.55008563995361E+0001
 2.54784317016602E+0001
-1.15700540542602E+0001
 1.25008563995361E+0001
 2.02822799682617E+0001
-5.57005405426025E+0000
 1.55008563995361E+0001
 2.54784317016602E+0001
-1.15700540542602E+0001
 6.71251296997070E+0000
 2.26798896789551E+0001
-5.57005405426025E+0000
 1.25008563995361E+0001
 2.02822799682617E+0001
-5.57005405426025E+0000
 1.55008563995361E+0001
 2.54784317016602E+0001
-1.15700540542602E+0001
 8.26542758941650E+0000
 2.84754447937012E+0001
-1.15700540542602E+0001
 6.71251296997070E+0000
 2.26798896789551E+0001
-5.57005405426025E+0000
 8.26542758941650E+0000
 2.84754447937012E+0001
-1.15700540542602E+0001
 5.00855982303619E-0001
 2.34976692199707E+0001
-5.57005405426025E+0000
 6.71251296997070E+0000
 2.26798896789551E+0001
-5.57005405426025E+0000
 8.26542758941650E+0000
 2.84754447937012E+0001
-1.15700540542602E+0001
 5.00855982303619E-0001
 2.94976692199707E+0001
-1.15700540542602E+0001
 5.00855982303619E-0001
 2.34976692199707E+0001
-5.57005405426025E+0000
 5.00855982303619E-0001
 2.94976692199707E+0001
-1.15700540542602E+0001
-5.71080112457275E+0000
 2.26798896789551E+0001
-5.57005405426025E+0000
 5.00855982303619E-0001
 2.34976692199707E+0001
-5.57005405426025E+0000
 5.00855982303619E-0001
 2.94976692199707E+0001
-1.15700540542602E+0001
-7.26371479034424E+0000
 2.84754428863525E+0001
-1.15700540542602E+0001
-5.71080112457275E+0000
 2.26798896789551E+0001
-5.57005405426025E+0000
-7.26371479034424E+0000
 2.84754428863525E+0001
-1.15700540542602E+0001
-1.14991436004638E+0001
 2.02822780609131E+0001
-5.57005405426025E+0000
-5.71080112457275E+0000
 2.26798896789551E+0001
-5.57005405426025E+0000
-7.26371479034424E+0000
 2.84754428863525E+0001
-1.15700540542602E+0001
-1.44991445541381E+0001
 2.54784297943115E+0001
-1.15700540542602E+0001
-1.14991436004638E+0001
 2.02822780609131E+0001
-5.57005405426025E+0000
-1.44991445541381E+0001
 2.54784297943115E+0001
-1.15700540542602E+0001
-1.64697074890137E+0001
 1.64682312011719E+0001
-5.57005405426025E+0000
-1.14991436004638E+0001
 2.02822780609131E+0001
-5.57005405426025E+0000
-1.44991445541381E+0001
 2.54784297943115E+0001
-1.15700540542602E+0001
-2.07123489379883E+0001
 2.07108707427979E+0001
-1.15700540542602E+0001
-1.64697074890137E+0001
 1.64682312011719E+0001
-5.57005405426025E+0000
-2.07123489379883E+0001
 2.07108707427979E+0001
-1.15700540542602E+0001
-2.02837543487549E+0001
 1.14976673126220E+0001
-5.57005405426025E+0000
-1.64697074890137E+0001
 1.64682312011719E+0001
-5.57005405426025E+0000
-2.07123489379883E+0001
 2.07108707427979E+0001
-1.15700540542602E+0001
-2.54799060821533E+0001
 1.44976673126220E+0001
-1.15700540542602E+0001
-2.02837543487549E+0001
 1.14976673126220E+0001
-5.57005405426025E+0000
-2.54799060821533E+0001
 1.44976673126220E+0001
-1.15700540542602E+0001
-2.26813640594482E+0001
 5.70932388305664E+0000
-5.57005405426025E+0000
-2.02837543487549E+0001
 1.14976673126220E+0001
-5.57005405426025E+0000
-2.54799060821533E+0001
 1.44976673126220E+0001
-1.15700540542602E+0001
-2.84769191741943E+0001
 7.26223802566528E+0000
-1.15700540542602E+0001
-2.26813640594482E+0001
 5.70932388305664E+0000
-5.57005405426025E+0000
-2.84769191741943E+0001
 7.26223802566528E+0000
-1.15700540542602E+0001
-2.34991436004639E+0001
-5.02332985401154E-0001
-5.57005405426025E+0000
-2.26813640594482E+0001
 5.70932388305664E+0000
-5.57005405426025E+0000
-2.84769191741943E+0001
 7.26223802566528E+0000
-1.15700540542602E+0001
-2.94991436004639E+0001
-5.02332985401154E-0001
-1.15700540542602E+0001
-2.34991436004639E+0001
-5.02332985401154E-0001
-5.57005405426025E+0000
-2.94991436004639E+0001
-5.02332985401154E-0001
-1.15700540542602E+0001
-2.26813621520996E+0001
-6.71399021148682E+0000
-5.57005405426025E+0000
-2.34991436004639E+0001
-5.02332985401154E-0001
-5.57005405426025E+0000
-2.94991436004639E+0001
-5.02332985401154E-0001
-1.15700540542602E+0001
-2.84769172668457E+0001
-8.26690483093262E+0000
-1.15700540542602E+0001
-2.26813621520996E+0001
-6.71399021148682E+0000
-5.57005405426025E+0000
-2.84769172668457E+0001
-8.26690483093262E+0000
-1.15700540542602E+0001
-2.02837524414063E+0001
-1.25023326873779E+0001
-5.57005405426025E+0000
-2.26813621520996E+0001
-6.71399021148682E+0000
-5.57005405426025E+0000
-2.84769172668457E+0001
-8.26690483093262E+0000
-1.15700540542602E+0001
-2.54799041748047E+0001
-1.55023336410522E+0001
-1.15700540542602E+0001
-2.02837524414063E+0001
-1.25023326873779E+0001
-5.57005405426025E+0000
-2.54799041748047E+0001
-1.55023336410522E+0001
-1.15700540542602E+0001
-1.64697036743164E+0001
-1.74728946685791E+0001
-5.57005405426025E+0000
-2.02837524414063E+0001
-1.25023326873779E+0001
-5.57005405426025E+0000
-2.54799041748047E+0001
-1.55023336410522E+0001
-1.15700540542602E+0001
-2.07123451232910E+0001
-2.17155361175537E+0001
-1.15700540542602E+0001
-1.64697036743164E+0001
-1.74728946685791E+0001
-5.57005405426025E+0000
-2.07123451232910E+0001
-2.17155361175537E+0001
-1.15700540542602E+0001
-1.14991397857666E+0001
-2.12869415283203E+0001
-5.57005405426025E+0000
-1.64697036743164E+0001
-1.74728946685791E+0001
-5.57005405426025E+0000
-2.07123451232910E+0001
-2.17155361175537E+0001
-1.15700540542602E+0001
-1.44991397857666E+0001
-2.64830951690674E+0001
-1.15700540542602E+0001
-1.14991397857666E+0001
-2.12869415283203E+0001
-5.57005405426025E+0000
-1.44991397857666E+0001
-2.64830951690674E+0001
-1.15700540542602E+0001
-5.71079683303833E+0000
-2.36845512390137E+0001
-5.57005405426025E+0000
-1.14991397857666E+0001
-2.12869415283203E+0001
-5.57005405426025E+0000
-1.44991397857666E+0001
-2.64830951690674E+0001
-1.15700540542602E+0001
-7.26371002197266E+0000
-2.94801063537598E+0001
-1.15700540542602E+0001
-5.71079683303833E+0000
-2.36845512390137E+0001
-5.57005405426025E+0000
-7.26371002197266E+0000
-2.94801063537598E+0001
-1.15700540542602E+0001
 5.00859975814819E-0001
-2.45023307800293E+0001
-5.57005405426025E+0000
-5.71079683303833E+0000
-2.36845512390137E+0001
-5.57005405426025E+0000
-7.26371002197266E+0000
-2.94801063537598E+0001
-1.15700540542602E+0001
 5.00860989093781E-0001
-3.05023307800293E+0001
-1.15700540542602E+0001
 5.00859975814819E-0001
-2.45023307800293E+0001
-5.57005405426025E+0000
 5.00860989093781E-0001
-3.05023307800293E+0001
-1.15700540542602E+0001
 6.71251821517944E+0000
-2.36845493316650E+0001
-5.57005405426025E+0000
 5.00859975814819E-0001
-2.45023307800293E+0001
-5.57005405426025E+0000
 5.00860989093781E-0001
-3.05023307800293E+0001
-1.15700540542602E+0001
 8.26543235778809E+0000
-2.94801044464111E+0001
-1.15700540542602E+0001
 6.71251821517944E+0000
-2.36845493316650E+0001
-5.57005405426025E+0000
 8.26543235778809E+0000
-2.94801044464111E+0001
-1.15700540542602E+0001
 1.25008602142334E+0001
-2.12869396209717E+0001
-5.57005405426025E+0000
 6.71251821517944E+0000
-2.36845493316650E+0001
-5.57005405426025E+0000
 8.26543235778809E+0000
-2.94801044464111E+0001
-1.15700540542602E+0001
 1.55008611679077E+0001
-2.64830913543701E+0001
-1.15700540542602E+0001
 1.25008602142334E+0001
-2.12869396209717E+0001
-5.57005405426025E+0000
 1.55008611679077E+0001
-2.64830913543701E+0001
-1.15700540542602E+0001
 1.74714221954346E+0001
-1.74728908538818E+0001
-5.57005405426025E+0000
 1.25008602142334E+0001
-2.12869396209717E+0001
-5.57005405426025E+0000
 1.55008611679077E+0001
-2.64830913543701E+0001
-1.15700540542602E+0001
 2.17140636444092E+0001
-2.17155303955078E+0001
-1.15700540542602E+0001
 1.74714221954346E+0001
-1.74728908538818E+0001
-5.57005405426025E+0000
 2.17140636444092E+0001
-2.17155303955078E+0001
-1.15700540542602E+0001
 2.12854671478271E+0001
-1.25023279190063E+0001
-5.57005405426025E+0000
 1.74714221954346E+0001
-1.74728908538818E+0001
-5.57005405426025E+0000
 2.17140636444092E+0001
-2.17155303955078E+0001
-1.15700540542602E+0001
 2.64816207885742E+0001
-1.55023269653320E+0001
-1.15700540542602E+0001
 2.12854671478271E+0001
-1.25023279190063E+0001
-5.57005405426025E+0000
 2.64816207885742E+0001
-1.55023269653320E+0001
-1.15700540542602E+0001
 2.36830768585205E+0001
-6.71398401260376E+0000
-5.57005405426025E+0000
 2.12854671478271E+0001
-1.25023279190063E+0001
-5.57005405426025E+0000
 2.64816207885742E+0001
-1.55023269653320E+0001
-1.15700540542602E+0001
 2.94786319732666E+0001
-8.26689720153809E+0000
-1.15700540542602E+0001
 2.36830768585205E+0001
-6.71398401260376E+0000
-5.57005405426025E+0000
 2.94786319732666E+0001
-8.26689720153809E+0000
-1.15700540542602E+0001
 2.45008563995361E+0001
-5.02331018447876E-0001
-5.57005405426025E+0000
 2.36830768585205E+0001
-6.71398401260376E+0000
-5.57005405426025E+0000
 2.94786319732666E+0001
-8.26689720153809E+0000
-1.15700540542602E+0001
 3.05008563995361E+0001
-5.02331018447876E-0001
-1.15700540542602E+0001
 2.45008563995361E+0001
-5.02331018447876E-0001
-5.57005405426025E+0000
 2.45008563995361E+0001
-5.02331018447876E-0001
-5.57005405426025E+0000
 1.78875217437744E+0001
 4.15641212463379E+0000
 4.29946005344391E-0001
 1.85008563995361E+0001
-5.02331018447876E-0001
 4.29946005344391E-0001
 2.45008563995361E+0001
-5.02331018447876E-0001
-5.57005405426025E+0000
 2.36830768585205E+0001
 5.70932579040527E+0000
-5.57005405426025E+0000
 1.78875217437744E+0001
 4.15641212463379E+0000
 4.29946005344391E-0001
 2.36830768585205E+0001
 5.70932579040527E+0000
-5.57005405426025E+0000
 1.60893135070801E+0001
 8.49766921997070E+0000
 4.29946005344391E-0001
 1.78875217437744E+0001
 4.15641212463379E+0000
 4.29946005344391E-0001
 2.36830768585205E+0001
 5.70932579040527E+0000
-5.57005405426025E+0000
 2.12854652404785E+0001
 1.14976692199707E+0001
-5.57005405426025E+0000
 1.60893135070801E+0001
 8.49766921997070E+0000
 4.29946005344391E-0001
 2.12854652404785E+0001
 1.14976692199707E+0001
-5.57005405426025E+0000
 1.32287788391113E+0001
 1.22255916595459E+0001
 4.29946005344391E-0001
 1.60893135070801E+0001
 8.49766921997070E+0000
 4.29946005344391E-0001
 2.12854652404785E+0001
 1.14976692199707E+0001
-5.57005405426025E+0000
 1.74714183807373E+0001
 1.64682331085205E+0001
-5.57005405426025E+0000
 1.32287788391113E+0001
 1.22255916595459E+0001
 4.29946005344391E-0001
 1.74714183807373E+0001
 1.64682331085205E+0001
-5.57005405426025E+0000
 9.50085735321045E+0000
 1.50861263275146E+0001
 4.29946005344391E-0001
 1.32287788391113E+0001
 1.22255916595459E+0001
 4.29946005344391E-0001
 1.74714183807373E+0001
 1.64682331085205E+0001
-5.57005405426025E+0000
 1.25008563995361E+0001
 2.02822799682617E+0001
-5.57005405426025E+0000
 9.50085735321045E+0000
 1.50861263275146E+0001
 4.29946005344391E-0001
 1.25008563995361E+0001
 2.02822799682617E+0001
-5.57005405426025E+0000
 5.15959882736206E+0000
 1.68843345642090E+0001
 4.29946005344391E-0001
 9.50085735321045E+0000
 1.50861263275146E+0001
 4.29946005344391E-0001
 1.25008563995361E+0001
 2.02822799682617E+0001
-5.57005405426025E+0000
 6.71251296997070E+0000
 2.26798896789551E+0001
-5.57005405426025E+0000
 5.15959882736206E+0000
 1.68843345642090E+0001
 4.29946005344391E-0001
 6.71251296997070E+0000
 2.26798896789551E+0001
-5.57005405426025E+0000
 5.00856995582581E-0001
 1.74976692199707E+0001
 4.29946005344391E-0001
 5.15959882736206E+0000
 1.68843345642090E+0001
 4.29946005344391E-0001
 6.71251296997070E+0000
 2.26798896789551E+0001
-5.57005405426025E+0000
 5.00855982303619E-0001
 2.34976692199707E+0001
-5.57005405426025E+0000
 5.00856995582581E-0001
 1.74976692199707E+0001
 4.29946005344391E-0001
 5.00855982303619E-0001
 2.34976692199707E+0001
-5.57005405426025E+0000
-4.15788698196411E+0000
 1.68843345642090E+0001
 4.29946005344391E-0001
 5.00856995582581E-0001
 1.74976692199707E+0001
 4.29946005344391E-0001
 5.00855982303619E-0001
 2.34976692199707E+0001
-5.57005405426025E+0000
-5.71080112457275E+0000
 2.26798896789551E+0001
-5.57005405426025E+0000
-4.15788698196411E+0000
 1.68843345642090E+0001
 4.29946005344391E-0001
-5.71080112457275E+0000
 2.26798896789551E+0001
-5.57005405426025E+0000
-8.49914360046387E+0000
 1.50861263275146E+0001
 4.29946005344391E-0001
-4.15788698196411E+0000
 1.68843345642090E+0001
 4.29946005344391E-0001
-5.71080112457275E+0000
 2.26798896789551E+0001
-5.57005405426025E+0000
-1.14991436004638E+0001
 2.02822780609131E+0001
-5.57005405426025E+0000
-8.49914360046387E+0000
 1.50861263275146E+0001
 4.29946005344391E-0001
-1.14991436004638E+0001
 2.02822780609131E+0001
-5.57005405426025E+0000
-1.22270650863647E+0001
 1.22255907058715E+0001
 4.29946005344391E-0001
-8.49914360046387E+0000
 1.50861263275146E+0001
 4.29946005344391E-0001
-1.14991436004638E+0001
 2.02822780609131E+0001
-5.57005405426025E+0000
-1.64697074890137E+0001
 1.64682312011719E+0001
-5.57005405426025E+0000
-1.22270650863647E+0001
 1.22255907058715E+0001
 4.29946005344391E-0001
-1.64697074890137E+0001
 1.64682312011719E+0001
-5.57005405426025E+0000
-1.50876007080078E+0001
 8.49766826629639E+0000
 4.29946005344391E-0001
-1.22270650863647E+0001
 1.22255907058715E+0001
 4.29946005344391E-0001
-1.64697074890137E+0001
 1.64682312011719E+0001
-5.57005405426025E+0000
-2.02837543487549E+0001
 1.14976673126220E+0001
-5.57005405426025E+0000
-1.50876007080078E+0001
 8.49766826629639E+0000
 4.29946005344391E-0001
-2.02837543487549E+0001
 1.14976673126220E+0001
-5.57005405426025E+0000
-1.68858089447021E+0001
 4.15641117095947E+0000
 4.29946005344391E-0001
-1.50876007080078E+0001
 8.49766826629639E+0000
 4.29946005344391E-0001
-2.02837543487549E+0001
 1.14976673126220E+0001
-5.57005405426025E+0000
-2.26813640594482E+0001
 5.70932388305664E+0000
-5.57005405426025E+0000
-1.68858089447021E+0001
 4.15641117095947E+0000
 4.29946005344391E-0001
-2.26813640594482E+0001
 5.70932388305664E+0000
-5.57005405426025E+0000
-1.74991436004639E+0001
-5.02331972122192E-0001
 4.29946005344391E-0001
-1.68858089447021E+0001
 4.15641117095947E+0000
 4.29946005344391E-0001
-2.26813640594482E+0001
 5.70932388305664E+0000
-5.57005405426025E+0000
-2.34991436004639E+0001
-5.02332985401154E-0001
-5.57005405426025E+0000
-1.74991436004639E+0001
-5.02331972122192E-0001
 4.29946005344391E-0001
-2.34991436004639E+0001
-5.02332985401154E-0001
-5.57005405426025E+0000
-1.68858089447021E+0001
-5.16107511520386E+0000
 4.29946005344391E-0001
-1.74991436004639E+0001
-5.02331972122192E-0001
 4.29946005344391E-0001
-2.34991436004639E+0001
-5.02332985401154E-0001
-5.57005405426025E+0000
-2.26813621520996E+0001
-6.71399021148682E+0000
-5.57005405426025E+0000
-1.68858089447021E+0001
-5.16107511520386E+0000
 4.29946005344391E-0001
-2.26813621520996E+0001
-6.71399021148682E+0000
-5.57005405426025E+0000
-1.50875988006591E+0001
-9.50233268737793E+0000
 4.29946005344391E-0001
-1.68858089447021E+0001
-5.16107511520386E+0000
 4.29946005344391E-0001
-2.26813621520996E+0001
-6.71399021148682E+0000
-5.57005405426025E+0000
-2.02837524414063E+0001
-1.25023326873779E+0001
-5.57005405426025E+0000
-1.50875988006591E+0001
-9.50233268737793E+0000
 4.29946005344391E-0001
-2.02837524414063E+0001
-1.25023326873779E+0001
-5.57005405426025E+0000
-1.22270631790161E+0001
-1.32302541732788E+0001
 4.29946005344391E-0001
-1.50875988006591E+0001
-9.50233268737793E+0000
 4.29946005344391E-0001
-2.02837524414063E+0001
-1.25023326873779E+0001
-5.57005405426025E+0000
-1.64697036743164E+0001
-1.74728946685791E+0001
-5.57005405426025E+0000
-1.22270631790161E+0001
-1.32302541732788E+0001
 4.29946005344391E-0001
-1.64697036743164E+0001
-1.74728946685791E+0001
-5.57005405426025E+0000
-8.49914073944092E+0000
-1.60907878875732E+0001
 4.29946005344391E-0001
-1.22270631790161E+0001
-1.32302541732788E+0001
 4.29946005344391E-0001
-1.64697036743164E+0001
-1.74728946685791E+0001
-5.57005405426025E+0000
-1.14991397857666E+0001
-2.12869415283203E+0001
-5.57005405426025E+0000
-8.49914073944092E+0000
-1.60907878875732E+0001
 4.29946005344391E-0001
-1.14991397857666E+0001
-2.12869415283203E+0001
-5.57005405426025E+0000
-4.15788316726685E+0000
-1.78889961242676E+0001
 4.29946005344391E-0001
-8.49914073944092E+0000
-1.60907878875732E+0001
 4.29946005344391E-0001
-1.14991397857666E+0001
-2.12869415283203E+0001
-5.57005405426025E+0000
-5.71079683303833E+0000
-2.36845512390137E+0001
-5.57005405426025E+0000
-4.15788316726685E+0000
-1.78889961242676E+0001
 4.29946005344391E-0001
-5.71079683303833E+0000
-2.36845512390137E+0001
-5.57005405426025E+0000
 5.00859975814819E-0001
-1.85023307800293E+0001
 4.29946005344391E-0001
-4.15788316726685E+0000
-1.78889961242676E+0001
 4.29946005344391E-0001
-5.71079683303833E+0000
-2.36845512390137E+0001
-5.57005405426025E+0000
 5.00859975814819E-0001
-2.45023307800293E+0001
-5.57005405426025E+0000
 5.00859975814819E-0001
-1.85023307800293E+0001
 4.29946005344391E-0001
 5.00859975814819E-0001
-2.45023307800293E+0001
-5.57005405426025E+0000
 5.15960311889648E+0000
-1.78889942169189E+0001
 4.29946005344391E-0001
 5.00859975814819E-0001
-1.85023307800293E+0001
 4.29946005344391E-0001
 5.00859975814819E-0001
-2.45023307800293E+0001
-5.57005405426025E+0000
 6.71251821517944E+0000
-2.36845493316650E+0001
-5.57005405426025E+0000
 5.15960311889648E+0000
-1.78889942169189E+0001
 4.29946005344391E-0001
 6.71251821517944E+0000
-2.36845493316650E+0001
-5.57005405426025E+0000
 9.50085926055908E+0000
-1.60907859802246E+0001
 4.29946005344391E-0001
 5.15960311889648E+0000
-1.78889942169189E+0001
 4.29946005344391E-0001
 6.71251821517944E+0000
-2.36845493316650E+0001
-5.57005405426025E+0000
 1.25008602142334E+0001
-2.12869396209717E+0001
-5.57005405426025E+0000
 9.50085926055908E+0000
-1.60907859802246E+0001
 4.29946005344391E-0001
 1.25008602142334E+0001
-2.12869396209717E+0001
-5.57005405426025E+0000
 1.32287817001342E+0001
-1.32302513122558E+0001
 4.29946005344391E-0001
 9.50085926055908E+0000
-1.60907859802246E+0001
 4.29946005344391E-0001
 1.25008602142334E+0001
-2.12869396209717E+0001
-5.57005405426025E+0000
 1.74714221954346E+0001
-1.74728908538818E+0001
-5.57005405426025E+0000
 1.32287817001342E+0001
-1.32302513122558E+0001
 4.29946005344391E-0001
 1.74714221954346E+0001
-1.74728908538818E+0001
-5.57005405426025E+0000
 1.60893154144287E+0001
-9.50232791900635E+0000
 4.29946005344391E-0001
 1.32287817001342E+0001
-1.32302513122558E+0001
 4.29946005344391E-0001
 1.74714221954346E+0001
-1.74728908538818E+0001
-5.57005405426025E+0000
 2.12854671478271E+0001
-1.25023279190063E+0001
-5.57005405426025E+0000
 1.60893154144287E+0001
-9.50232791900635E+0000
 4.29946005344391E-0001
 2.12854671478271E+0001
-1.25023279190063E+0001
-5.57005405426025E+0000
 1.78875217437744E+0001
-5.16107082366943E+0000
 4.29946005344391E-0001
 1.60893154144287E+0001
-9.50232791900635E+0000
 4.29946005344391E-0001
 2.12854671478271E+0001
-1.25023279190063E+0001
-5.57005405426025E+0000
 2.36830768585205E+0001
-6.71398401260376E+0000
-5.57005405426025E+0000
 1.78875217437744E+0001
-5.16107082366943E+0000
 4.29946005344391E-0001
 2.36830768585205E+0001
-6.71398401260376E+0000
-5.57005405426025E+0000
 1.85008563995361E+0001
-5.02331018447876E-0001
 4.29946005344391E-0001
 1.78875217437744E+0001
-5.16107082366943E+0000
 4.29946005344391E-0001
 2.36830768585205E+0001
-6.71398401260376E+0000
-5.57005405426025E+0000
 2.45008563995361E+0001
-5.02331018447876E-0001
-5.57005405426025E+0000
 1.85008563995361E+0001
-5.02331018447876E-0001
 4.29946005344391E-0001
 1.85008563995361E+0001
-5.02331018447876E-0001
 4.29946005344391E-0001
 1.20919675827026E+0001
 2.60349798202515E+0000
 6.42994594573975E+0000
 1.25008573532104E+0001
-5.02331018447876E-0001
 6.42994594573975E+0000
 1.85008563995361E+0001
-5.02331018447876E-0001
 4.29946005344391E-0001
 1.78875217437744E+0001
 4.15641212463379E+0000
 4.29946005344391E-0001
 1.20919675827026E+0001
 2.60349798202515E+0000
 6.42994594573975E+0000
 1.78875217437744E+0001
 4.15641212463379E+0000
 4.29946005344391E-0001
 1.08931617736816E+0001
 5.49766921997070E+0000
 6.42994594573975E+0000
 1.20919675827026E+0001
 2.60349798202515E+0000
 6.42994594573975E+0000
 1.78875217437744E+0001
 4.15641212463379E+0000
 4.29946005344391E-0001
 1.60893135070801E+0001
 8.49766921997070E+0000
 4.29946005344391E-0001
 1.08931617736816E+0001
 5.49766921997070E+0000
 6.42994594573975E+0000
 1.60893135070801E+0001
 8.49766921997070E+0000
 4.29946005344391E-0001
 8.98613834381104E+0000
 7.98295116424561E+0000
 6.42994594573975E+0000
 1.08931617736816E+0001
 5.49766921997070E+0000
 6.42994594573975E+0000
 1.60893135070801E+0001
 8.49766921997070E+0000
 4.29946005344391E-0001
 1.32287788391113E+0001
 1.22255916595459E+0001
 4.29946005344391E-0001
 8.98613834381104E+0000
 7.98295116424561E+0000
 6.42994594573975E+0000
 1.32287788391113E+0001
 1.22255916595459E+0001
 4.29946005344391E-0001
 6.50085687637329E+0000
 9.88997459411621E+0000
 6.42994594573975E+0000
 8.98613834381104E+0000
 7.98295116424561E+0000
 6.42994594573975E+0000
 1.32287788391113E+0001
 1.22255916595459E+0001
 4.29946005344391E-0001
 9.50085735321045E+0000
 1.50861263275146E+0001
 4.29946005344391E-0001
 6.50085687637329E+0000
 9.88997459411621E+0000
 6.42994594573975E+0000
 9.50085735321045E+0000
 1.50861263275146E+0001
 4.29946005344391E-0001
 3.60668492317200E+0000
 1.10887794494628E+0001
 6.42994594573975E+0000
 6.50085687637329E+0000
 9.88997459411621E+0000
 6.42994594573975E+0000
 9.50085735321045E+0000
 1.50861263275146E+0001
 4.29946005344391E-0001
 5.15959882736206E+0000
 1.68843345642090E+0001
 4.29946005344391E-0001
 3.60668492317200E+0000
 1.10887794494628E+0001
 6.42994594573975E+0000
 5.15959882736206E+0000
 1.68843345642090E+0001
 4.29946005344391E-0001
 5.00856995582581E-0001
 1.14976692199707E+0001
 6.42994594573975E+0000
 3.60668492317200E+0000
 1.10887794494628E+0001
 6.42994594573975E+0000
 5.15959882736206E+0000
 1.68843345642090E+0001
 4.29946005344391E-0001
 5.00856995582581E-0001
 1.74976692199707E+0001
 4.29946005344391E-0001
 5.00856995582581E-0001
 1.14976692199707E+0001
 6.42994594573975E+0000
 5.00856995582581E-0001
 1.74976692199707E+0001
 4.29946005344391E-0001
-2.60497188568115E+0000
 1.10887794494628E+0001
 6.42994594573975E+0000
 5.00856995582581E-0001
 1.14976692199707E+0001
 6.42994594573975E+0000
 5.00856995582581E-0001
 1.74976692199707E+0001
 4.29946005344391E-0001
-4.15788698196411E+0000
 1.68843345642090E+0001
 4.29946005344391E-0001
-2.60497188568115E+0000
 1.10887794494628E+0001
 6.42994594573975E+0000
-4.15788698196411E+0000
 1.68843345642090E+0001
 4.29946005344391E-0001
-5.49914312362671E+0000
 9.88997364044189E+0000
 6.42994594573975E+0000
-2.60497188568115E+0000
 1.10887794494628E+0001
 6.42994594573975E+0000
-4.15788698196411E+0000
 1.68843345642090E+0001
 4.29946005344391E-0001
-8.49914360046387E+0000
 1.50861263275146E+0001
 4.29946005344391E-0001
-5.49914312362671E+0000
 9.88997364044189E+0000
 6.42994594573975E+0000
-8.49914360046387E+0000
 1.50861263275146E+0001
 4.29946005344391E-0001
-7.98442506790161E+0000
 7.98295021057129E+0000
 6.42994594573975E+0000
-5.49914312362671E+0000
 9.88997364044189E+0000
 6.42994594573975E+0000
-8.49914360046387E+0000
 1.50861263275146E+0001
 4.29946005344391E-0001
-1.22270650863647E+0001
 1.22255907058715E+0001
 4.29946005344391E-0001
-7.98442506790161E+0000
 7.98295021057129E+0000
 6.42994594573975E+0000
-1.22270650863647E+0001
 1.22255907058715E+0001
 4.29946005344391E-0001
-9.89144802093506E+0000
 5.49766778945923E+0000
 6.42994594573975E+0000
-7.98442506790161E+0000
 7.98295021057129E+0000
 6.42994594573975E+0000
-1.22270650863647E+0001
 1.22255907058715E+0001
 4.29946005344391E-0001
-1.50876007080078E+0001
 8.49766826629639E+0000
 4.29946005344391E-0001
-9.89144802093506E+0000
 5.49766778945923E+0000
 6.42994594573975E+0000
-1.50876007080078E+0001
 8.49766826629639E+0000
 4.29946005344391E-0001
-1.10902528762817E+0001
 2.60349702835083E+0000
 6.42994594573975E+0000
-9.89144802093506E+0000
 5.49766778945923E+0000
 6.42994594573975E+0000
-1.50876007080078E+0001
 8.49766826629639E+0000
 4.29946005344391E-0001
-1.68858089447021E+0001
 4.15641117095947E+0000
 4.29946005344391E-0001
-1.10902528762817E+0001
 2.60349702835083E+0000
 6.42994594573975E+0000
-1.68858089447021E+0001
 4.15641117095947E+0000
 4.29946005344391E-0001
-1.14991426467895E+0001
-5.02331972122192E-0001
 6.42994594573975E+0000
-1.10902528762817E+0001
 2.60349702835083E+0000
 6.42994594573975E+0000
-1.68858089447021E+0001
 4.15641117095947E+0000
 4.29946005344391E-0001
-1.74991436004639E+0001
-5.02331972122192E-0001
 4.29946005344391E-0001
-1.14991426467895E+0001
-5.02331972122192E-0001
 6.42994594573975E+0000
-1.74991436004639E+0001
-5.02331972122192E-0001
 4.29946005344391E-0001
-1.10902519226074E+0001
-3.60816001892090E+0000
 6.42994594573975E+0000
-1.14991426467895E+0001
-5.02331972122192E-0001
 6.42994594573975E+0000
-1.74991436004639E+0001
-5.02331972122192E-0001
 4.29946005344391E-0001
-1.68858089447021E+0001
-5.16107511520386E+0000
 4.29946005344391E-0001
-1.10902519226074E+0001
-3.60816001892090E+0000
 6.42994594573975E+0000
-1.68858089447021E+0001
-5.16107511520386E+0000
 4.29946005344391E-0001
-9.89144706726074E+0000
-6.50233221054077E+0000
 6.42994594573975E+0000
-1.10902519226074E+0001
-3.60816001892090E+0000
 6.42994594573975E+0000
-1.68858089447021E+0001
-5.16107511520386E+0000
 4.29946005344391E-0001
-1.50875988006591E+0001
-9.50233268737793E+0000
 4.29946005344391E-0001
-9.89144706726074E+0000
-6.50233221054077E+0000
 6.42994594573975E+0000
-1.50875988006591E+0001
-9.50233268737793E+0000
 4.29946005344391E-0001
-7.98442316055298E+0000
-8.98761272430420E+0000
 6.42994594573975E+0000
-9.89144706726074E+0000
-6.50233221054077E+0000
 6.42994594573975E+0000
-1.50875988006591E+0001
-9.50233268737793E+0000
 4.29946005344391E-0001
-1.22270631790161E+0001
-1.32302541732788E+0001
 4.29946005344391E-0001
-7.98442316055298E+0000
-8.98761272430420E+0000
 6.42994594573975E+0000
-1.22270631790161E+0001
-1.32302541732788E+0001
 4.29946005344391E-0001
-5.49914121627808E+0000
-1.08946361541748E+0001
 6.42994594573975E+0000
-7.98442316055298E+0000
-8.98761272430420E+0000
 6.42994594573975E+0000
-1.22270631790161E+0001
-1.32302541732788E+0001
 4.29946005344391E-0001
-8.49914073944092E+0000
-1.60907878875732E+0001
 4.29946005344391E-0001
-5.49914121627808E+0000
-1.08946361541748E+0001
 6.42994594573975E+0000
-8.49914073944092E+0000
-1.60907878875732E+0001
 4.29946005344391E-0001
-2.60496997833252E+0000
-1.20934410095214E+0001
 6.42994594573975E+0000
-5.49914121627808E+0000
-1.08946361541748E+0001
 6.42994594573975E+0000
-8.49914073944092E+0000
-1.60907878875732E+0001
 4.29946005344391E-0001
-4.15788316726685E+0000
-1.78889961242676E+0001
 4.29946005344391E-0001
-2.60496997833252E+0000
-1.20934410095214E+0001
 6.42994594573975E+0000
-4.15788316726685E+0000
-1.78889961242676E+0001
 4.29946005344391E-0001
 5.00859022140503E-0001
-1.25023307800293E+0001
 6.42994594573975E+0000
-2.60496997833252E+0000
-1.20934410095214E+0001
 6.42994594573975E+0000
-4.15788316726685E+0000
-1.78889961242676E+0001
 4.29946005344391E-0001
 5.00859975814819E-0001
-1.85023307800293E+0001
 4.29946005344391E-0001
 5.00859022140503E-0001
-1.25023307800293E+0001
 6.42994594573975E+0000
 5.00859975814819E-0001
-1.85023307800293E+0001
 4.29946005344391E-0001
 3.60668802261353E+0000
-1.20934400558471E+0001
 6.42994594573975E+0000
 5.00859022140503E-0001
-1.25023307800293E+0001
 6.42994594573975E+0000
 5.00859975814819E-0001
-1.85023307800293E+0001
 4.29946005344391E-0001
 5.15960311889648E+0000
-1.78889942169189E+0001
 4.29946005344391E-0001
 3.60668802261353E+0000
-1.20934400558471E+0001
 6.42994594573975E+0000
 5.15960311889648E+0000
-1.78889942169189E+0001
 4.29946005344391E-0001
 6.50085878372192E+0000
-1.08946352005004E+0001
 6.42994594573975E+0000
 3.60668802261353E+0000
-1.20934400558471E+0001
 6.42994594573975E+0000
 5.15960311889648E+0000
-1.78889942169189E+0001
 4.29946005344391E-0001
 9.50085926055908E+0000
-1.60907859802246E+0001
 4.29946005344391E-0001
 6.50085878372192E+0000
-1.08946352005004E+0001
 6.42994594573975E+0000
 9.50085926055908E+0000
-1.60907859802246E+0001
 4.29946005344391E-0001
 8.98614025115967E+0000
-8.98761081695557E+0000
 6.42994594573975E+0000
 6.50085878372192E+0000
-1.08946352005004E+0001
 6.42994594573975E+0000
 9.50085926055908E+0000
-1.60907859802246E+0001
 4.29946005344391E-0001
 1.32287817001342E+0001
-1.32302513122558E+0001
 4.29946005344391E-0001
 8.98614025115967E+0000
-8.98761081695557E+0000
 6.42994594573975E+0000
 1.32287817001342E+0001
-1.32302513122558E+0001
 4.29946005344391E-0001
 1.08931627273559E+0001
-6.50232887268066E+0000
 6.42994594573975E+0000
 8.98614025115967E+0000
-8.98761081695557E+0000
 6.42994594573975E+0000
 1.32287817001342E+0001
-1.32302513122558E+0001
 4.29946005344391E-0001
 1.60893154144287E+0001
-9.50232791900635E+0000
 4.29946005344391E-0001
 1.08931627273559E+0001
-6.50232887268066E+0000
 6.42994594573975E+0000
 1.60893154144287E+0001
-9.50232791900635E+0000
 4.29946005344391E-0001
 1.20919675827026E+0001
-3.60815691947937E+0000
 6.42994594573975E+0000
 1.08931627273559E+0001
-6.50232887268066E+0000
 6.42994594573975E+0000
 1.60893154144287E+0001
-9.50232791900635E+0000
 4.29946005344391E-0001
 1.78875217437744E+0001
-5.16107082366943E+0000
 4.29946005344391E-0001
 1.20919675827026E+0001
-3.60815691947937E+0000
 6.42994594573975E+0000
 1.78875217437744E+0001
-5.16107082366943E+0000
 4.29946005344391E-0001
 1.25008573532104E+0001
-5.02331018447876E-0001
 6.42994594573975E+0000
 1.20919675827026E+0001
-3.60815691947937E+0000
 6.42994594573975E+0000
 1.78875217437744E+0001
-5.16107082366943E+0000
 4.29946005344391E-0001
 1.85008563995361E+0001
-5.02331018447876E-0001
 4.29946005344391E-0001
 1.25008573532104E+0001
-5.02331018447876E-0001
 6.42994594573975E+0000
 1.25008573532104E+0001
-5.02331018447876E-0001
 6.42994594573975E+0000
 6.29641199111938E+0000
 1.05058395862579E+0000
 1.24299459457397E+0001
 6.50085687637329E+0000
-5.02331018447876E-0001
 1.24299459457397E+0001
 1.25008573532104E+0001
-5.02331018447876E-0001
 6.42994594573975E+0000
 1.20919675827026E+0001
 2.60349798202515E+0000
 6.42994594573975E+0000
 6.29641199111938E+0000
 1.05058395862579E+0000
 1.24299459457397E+0001
 1.20919675827026E+0001
 2.60349798202515E+0000
 6.42994594573975E+0000
 5.69701004028320E+0000
 2.49766898155212E+0000
 1.24299459457397E+0001
 6.29641199111938E+0000
 1.05058395862579E+0000
 1.24299459457397E+0001
 1.20919675827026E+0001
 2.60349798202515E+0000
 6.42994594573975E+0000
 1.08931617736816E+0001
 5.49766921997070E+0000
 6.42994594573975E+0000
 5.69701004028320E+0000
 2.49766898155212E+0000
 1.24299459457397E+0001
 1.08931617736816E+0001
 5.49766921997070E+0000
 6.42994594573975E+0000
 4.74349784851074E+0000
 3.74030995368958E+0000
 1.24299459457397E+0001
 5.69701004028320E+0000
 2.49766898155212E+0000
 1.24299459457397E+0001
 1.08931617736816E+0001
 5.49766921997070E+0000
 6.42994594573975E+0000
 8.98613834381104E+0000
 7.98295116424561E+0000
 6.42994594573975E+0000
 4.74349784851074E+0000
 3.74030995368958E+0000
 1.24299459457397E+0001
 8.98613834381104E+0000
 7.98295116424561E+0000
 6.42994594573975E+0000
 3.50085711479187E+0000
 4.69382190704346E+0000
 1.24299459457397E+0001
 4.74349784851074E+0000
 3.74030995368958E+0000
 1.24299459457397E+0001
 8.98613834381104E+0000
 7.98295116424561E+0000
 6.42994594573975E+0000
 6.50085687637329E+0000
 9.88997459411621E+0000
 6.42994594573975E+0000
 3.50085711479187E+0000
 4.69382190704346E+0000
 1.24299459457397E+0001
 6.50085687637329E+0000
 9.88997459411621E+0000
 6.42994594573975E+0000
 2.05377101898193E+0000
 5.29322385787964E+0000
 1.24299459457397E+0001
 3.50085711479187E+0000
 4.69382190704346E+0000
 1.24299459457397E+0001
 6.50085687637329E+0000
 9.88997459411621E+0000
 6.42994594573975E+0000
 3.60668492317200E+0000
 1.10887794494628E+0001
 6.42994594573975E+0000
 2.05377101898193E+0000
 5.29322385787964E+0000
 1.24299459457397E+0001
 3.60668492317200E+0000
 1.10887794494628E+0001
 6.42994594573975E+0000
 5.00856995582581E-0001
 5.49766921997070E+0000
 1.24299459457397E+0001
 2.05377101898193E+0000
 5.29322385787964E+0000
 1.24299459457397E+0001
 3.60668492317200E+0000
 1.10887794494628E+0001
 6.42994594573975E+0000
 5.00856995582581E-0001
 1.14976692199707E+0001
 6.42994594573975E+0000
 5.00856995582581E-0001
 5.49766921997070E+0000
 1.24299459457397E+0001
 5.00856995582581E-0001
 1.14976692199707E+0001
 6.42994594573975E+0000
-1.05205702781677E+0000
 5.29322385787964E+0000
 1.24299459457397E+0001
 5.00856995582581E-0001
 5.49766921997070E+0000
 1.24299459457397E+0001
 5.00856995582581E-0001
 1.14976692199707E+0001
 6.42994594573975E+0000
-2.60497188568115E+0000
 1.10887794494628E+0001
 6.42994594573975E+0000
-1.05205702781677E+0000
 5.29322385787964E+0000
 1.24299459457397E+0001
-2.60497188568115E+0000
 1.10887794494628E+0001
 6.42994594573975E+0000
-2.49914288520813E+0000
 4.69382095336914E+0000
 1.24299459457397E+0001
-1.05205702781677E+0000
 5.29322385787964E+0000
 1.24299459457397E+0001
-2.60497188568115E+0000
 1.10887794494628E+0001
 6.42994594573975E+0000
-5.49914312362671E+0000
 9.88997364044189E+0000
 6.42994594573975E+0000
-2.49914288520813E+0000
 4.69382095336914E+0000
 1.24299459457397E+0001
-5.49914312362671E+0000
 9.88997364044189E+0000
 6.42994594573975E+0000
-3.74178409576416E+0000
 3.74030995368958E+0000
 1.24299459457397E+0001
-2.49914288520813E+0000
 4.69382095336914E+0000
 1.24299459457397E+0001
-5.49914312362671E+0000
 9.88997364044189E+0000
 6.42994594573975E+0000
-7.98442506790161E+0000
 7.98295021057129E+0000
 6.42994594573975E+0000
-3.74178409576416E+0000
 3.74030995368958E+0000
 1.24299459457397E+0001
-7.98442506790161E+0000
 7.98295021057129E+0000
 6.42994594573975E+0000
-4.69529485702515E+0000
 2.49766898155212E+0000
 1.24299459457397E+0001
-3.74178409576416E+0000
 3.74030995368958E+0000
 1.24299459457397E+0001
-7.98442506790161E+0000
 7.98295021057129E+0000
 6.42994594573975E+0000
-9.89144802093506E+0000
 5.49766778945923E+0000
 6.42994594573975E+0000
-4.69529485702515E+0000
 2.49766898155212E+0000
 1.24299459457397E+0001
-9.89144802093506E+0000
 5.49766778945923E+0000
 6.42994594573975E+0000
-5.29469823837280E+0000
 1.05058300495148E+0000
 1.24299459457397E+0001
-4.69529485702515E+0000
 2.49766898155212E+0000
 1.24299459457397E+0001
-9.89144802093506E+0000
 5.49766778945923E+0000
 6.42994594573975E+0000
-1.10902528762817E+0001
 2.60349702835083E+0000
 6.42994594573975E+0000
-5.29469823837280E+0000
 1.05058300495148E+0000
 1.24299459457397E+0001
-1.10902528762817E+0001
 2.60349702835083E+0000
 6.42994594573975E+0000
-5.49914312362671E+0000
-5.02331018447876E-0001
 1.24299459457397E+0001
-5.29469823837280E+0000
 1.05058300495148E+0000
 1.24299459457397E+0001
-1.10902528762817E+0001
 2.60349702835083E+0000
 6.42994594573975E+0000
-1.14991426467895E+0001
-5.02331972122192E-0001
 6.42994594573975E+0000
-5.49914312362671E+0000
-5.02331018447876E-0001
 1.24299459457397E+0001
-1.14991426467895E+0001
-5.02331972122192E-0001
 6.42994594573975E+0000
-5.29469680786133E+0000
-2.05524492263794E+0000
 1.24299459457397E+0001
-5.49914312362671E+0000
-5.02331018447876E-0001
 1.24299459457397E+0001
-1.14991426467895E+0001
-5.02331972122192E-0001
 6.42994594573975E+0000
-1.10902519226074E+0001
-3.60816001892090E+0000
 6.42994594573975E+0000
-5.29469680786133E+0000
-2.05524492263794E+0000
 1.24299459457397E+0001
-1.10902519226074E+0001
-3.60816001892090E+0000
 6.42994594573975E+0000
-4.69529485702515E+0000
-3.50233101844788E+0000
 1.24299459457397E+0001
-5.29469680786133E+0000
-2.05524492263794E+0000
 1.24299459457397E+0001
-1.10902519226074E+0001
-3.60816001892090E+0000
 6.42994594573975E+0000
-9.89144706726074E+0000
-6.50233221054077E+0000
 6.42994594573975E+0000
-4.69529485702515E+0000
-3.50233101844788E+0000
 1.24299459457397E+0001
-9.89144706726074E+0000
-6.50233221054077E+0000
 6.42994594573975E+0000
-3.74178290367126E+0000
-4.74497222900391E+0000
 1.24299459457397E+0001
-4.69529485702515E+0000
-3.50233101844788E+0000
 1.24299459457397E+0001
-9.89144706726074E+0000
-6.50233221054077E+0000
 6.42994594573975E+0000
-7.98442316055298E+0000
-8.98761272430420E+0000
 6.42994594573975E+0000
-3.74178290367126E+0000
-4.74497222900391E+0000
 1.24299459457397E+0001
-7.98442316055298E+0000
-8.98761272430420E+0000
 6.42994594573975E+0000
-2.49914193153381E+0000
-5.69848299026489E+0000
 1.24299459457397E+0001
-3.74178290367126E+0000
-4.74497222900391E+0000
 1.24299459457397E+0001
-7.98442316055298E+0000
-8.98761272430420E+0000
 6.42994594573975E+0000
-5.49914121627808E+0000
-1.08946361541748E+0001
 6.42994594573975E+0000
-2.49914193153381E+0000
-5.69848299026489E+0000
 1.24299459457397E+0001
-5.49914121627808E+0000
-1.08946361541748E+0001
 6.42994594573975E+0000
-1.05205595493317E+0000
-6.29788589477539E+0000
 1.24299459457397E+0001
-2.49914193153381E+0000
-5.69848299026489E+0000
 1.24299459457397E+0001
-5.49914121627808E+0000
-1.08946361541748E+0001
 6.42994594573975E+0000
-2.60496997833252E+0000
-1.20934410095214E+0001
 6.42994594573975E+0000
-1.05205595493317E+0000
-6.29788589477539E+0000
 1.24299459457397E+0001
-2.60496997833252E+0000
-1.20934410095214E+0001
 6.42994594573975E+0000
 5.00858008861542E-0001
-6.50233078002930E+0000
 1.24299459457397E+0001
-1.05205595493317E+0000
-6.29788589477539E+0000
 1.24299459457397E+0001
-2.60496997833252E+0000
-1.20934410095214E+0001
 6.42994594573975E+0000
 5.00859022140503E-0001
-1.25023307800293E+0001
 6.42994594573975E+0000
 5.00858008861542E-0001
-6.50233078002930E+0000
 1.24299459457397E+0001
 5.00859022140503E-0001
-1.25023307800293E+0001
 6.42994594573975E+0000
 2.05377197265625E+0000
-6.29788494110107E+0000
 1.24299459457397E+0001
 5.00858008861542E-0001
-6.50233078002930E+0000
 1.24299459457397E+0001
 5.00859022140503E-0001
-1.25023307800293E+0001
 6.42994594573975E+0000
 3.60668802261353E+0000
-1.20934400558471E+0001
 6.42994594573975E+0000
 2.05377197265625E+0000
-6.29788494110107E+0000
 1.24299459457397E+0001
 3.60668802261353E+0000
-1.20934400558471E+0001
 6.42994594573975E+0000
 3.50085806846619E+0000
-5.69848299026489E+0000
 1.24299459457397E+0001
 2.05377197265625E+0000
-6.29788494110107E+0000
 1.24299459457397E+0001
 3.60668802261353E+0000
-1.20934400558471E+0001
 6.42994594573975E+0000
 6.50085878372192E+0000
-1.08946352005004E+0001
 6.42994594573975E+0000
 3.50085806846619E+0000
-5.69848299026489E+0000
 1.24299459457397E+0001
 6.50085878372192E+0000
-1.08946352005004E+0001
 6.42994594573975E+0000
 4.74349880218506E+0000
-4.74497079849243E+0000
 1.24299459457397E+0001
 3.50085806846619E+0000
-5.69848299026489E+0000
 1.24299459457397E+0001
 6.50085878372192E+0000
-1.08946352005004E+0001
 6.42994594573975E+0000
 8.98614025115967E+0000
-8.98761081695557E+0000
 6.42994594573975E+0000
 4.74349880218506E+0000
-4.74497079849243E+0000
 1.24299459457397E+0001
 8.98614025115967E+0000
-8.98761081695557E+0000
 6.42994594573975E+0000
 5.69701004028320E+0000
-3.50233006477356E+0000
 1.24299459457397E+0001
 4.74349880218506E+0000
-4.74497079849243E+0000
 1.24299459457397E+0001
 8.98614025115967E+0000
-8.98761081695557E+0000
 6.42994594573975E+0000
 1.08931627273559E+0001
-6.50232887268066E+0000
 6.42994594573975E+0000
 5.69701004028320E+0000
-3.50233006477356E+0000
 1.24299459457397E+0001
 1.08931627273559E+0001
-6.50232887268066E+0000
 6.42994594573975E+0000
 6.29641199111938E+0000
-2.05524396896362E+0000
 1.24299459457397E+0001
 5.69701004028320E+0000
-3.50233006477356E+0000
 1.24299459457397E+0001
 1.08931627273559E+0001
-6.50232887268066E+0000
 6.42994594573975E+0000
 1.20919675827026E+0001
-3.60815691947937E+0000
 6.42994594573975E+0000
 6.29641199111938E+0000
-2.05524396896362E+0000
 1.24299459457397E+0001
 1.20919675827026E+0001
-3.60815691947937E+0000
 6.42994594573975E+0000
 6.50085687637329E+0000
-5.02331018447876E-0001
 1.24299459457397E+0001
 6.29641199111938E+0000
-2.05524396896362E+0000
 1.24299459457397E+0001
 1.20919675827026E+0001
-3.60815691947937E+0000
 6.42994594573975E+0000
 1.25008573532104E+0001
-5.02331018447876E-0001
 6.42994594573975E+0000
 6.50085687637329E+0000
-5.02331018447876E-0001
 1.24299459457397E+0001
 6.50085687637329E+0000
-5.02331018447876E-0001
 1.24299459457397E+0001
 5.00856995582581E-0001
-5.02331018447876E-0001
 1.84299468994141E+0001
 5.00856995582581E-0001
-5.02331018447876E-0001
 1.84299468994141E+0001
 6.50085687637329E+0000
-5.02331018447876E-0001
 1.24299459457397E+0001
 6.29641199111938E+0000
 1.05058395862579E+0000
 1.24299459457397E+0001
 5.00856995582581E-0001
-5.02331018447876E-0001
 1.84299468994141E+0001
 6.29641199111938E+0000
 1.05058395862579E+0000
 1.24299459457397E+0001
 5.00856995582581E-0001
-5.02331018447876E-0001
 1.84299468994141E+0001
 5.00856995582581E-0001
-5.02331018447876E-0001
 1.84299468994141E+0001
 6.29641199111938E+0000
 1.05058395862579E+0000
 1.24299459457397E+0001
 5.69701004028320E+0000
 2.49766898155212E+0000
 1.24299459457397E+0001
 5.00856995582581E-0001
-5.02331018447876E-0001
 1.84299468994141E+0001
 5.69701004028320E+0000
 2.49766898155212E+0000
 1.24299459457397E+0001
 5.00856995582581E-0001
-5.02331018447876E-0001
 1.84299468994141E+0001
 5.00856995582581E-0001
-5.02331018447876E-0001
 1.84299468994141E+0001
 5.69701004028320E+0000
 2.49766898155212E+0000
 1.24299459457397E+0001
 4.74349784851074E+0000
 3.74030995368958E+0000
 1.24299459457397E+0001
 5.00856995582581E-0001
-5.02331018447876E-0001
 1.84299468994141E+0001
 4.74349784851074E+0000
 3.74030995368958E+0000
 1.24299459457397E+0001
 5.00856995582581E-0001
-5.02331018447876E-0001
 1.84299468994141E+0001
 5.00856995582581E-0001
-5.02331018447876E-0001
 1.84299468994141E+0001
 4.74349784851074E+0000
 3.74030995368958E+0000
 1.24299459457397E+0001
 3.50085711479187E+0000
 4.69382190704346E+0000
 1.24299459457397E+0001
 5.00856995582581E-0001
-5.02331018447876E-0001
 1.84299468994141E+0001
 3.50085711479187E+0000
 4.69382190704346E+0000
 1.24299459457397E+0001
 5.00856995582581E-0001
-5.02331018447876E-0001
 1.84299468994141E+0001
 5.00856995582581E-0001
-5.02331018447876E-0001
 1.84299468994141E+0001
 3.50085711479187E+0000
 4.69382190704346E+0000
 1.24299459457397E+0001
 2.05377101898193E+0000
 5.29322385787964E+0000
 1.24299459457397E+0001
 5.00856995582581E-0001
-5.02331018447876E-0001
 1.84299468994141E+0001
 2.05377101898193E+0000
 5.29322385787964E+0000
 1.24299459457397E+0001
 5.00856995582581E-0001
-5.02331018447876E-0001
 1.84299468994141E+0001
 5.00856995582581E-0001
-5.02331018447876E-0001
 1.84299468994141E+0001
 2.05377101898193E+0000
 5.29322385787964E+0000
 1.24299459457397E+0001
 5.00856995582581E-0001
 5.49766921997070E+0000
 1.24299459457397E+0001
 5.00856995582581E-0001
-5.02331018447876E-0001
 1.84299468994141E+0001
 5.00856995582581E-0001
 5.49766921997070E+0000
 1.24299459457397E+0001
 5.00856995582581E-0001
-5.02331018447876E-0001
 1.84299468994141E+0001
 5.00856995582581E-0001
-5.02331018447876E-0001
 1.84299468994141E+0001
 5.00856995582581E-0001
 5.49766921997070E+0000
 1.24299459457397E+0001
-1.05205702781677E+0000
 5.29322385787964E+0000
 1.24299459457397E+0001
 5.00856995582581E-0001
-5.02331018447876E-0001
 1.84299468994141E+0001
-1.05205702781677E+0000
 5.29322385787964E+0000
 1.24299459457397E+0001
 5.00856995582581E-0001
-5.02331018447876E-0001
 1.84299468994141E+0001
 5.00856995582581E-0001
-5.02331018447876E-0001
 1.84299468994141E+0001
-1.05205702781677E+0000
 5.29322385787964E+0000
 1.24299459457397E+0001
-2.49914288520813E+0000
 4.69382095336914E+0000
 1.24299459457397E+0001
 5.00856995582581E-0001
-5.02331018447876E-0001
 1.84299468994141E+0001
-2.49914288520813E+0000
 4.69382095336914E+0000
 1.24299459457397E+0001
 5.00856995582581E-0001
-5.02331018447876E-0001
 1.84299468994141E+0001
 5.00856995582581E-0001
-5.02331018447876E-0001
 1.84299468994141E+0001
-2.49914288520813E+0000
 4.69382095336914E+0000
 1.24299459457397E+0001
-3.74178409576416E+0000
 3.74030995368958E+0000
 1.24299459457397E+0001
 5.00856995582581E-0001
-5.02331018447876E-0001
 1.84299468994141E+0001
-3.74178409576416E+0000
 3.74030995368958E+0000
 1.24299459457397E+0001
 5.00856995582581E-0001
-5.02331018447876E-0001
 1.84299468994141E+0001
 5.00856995582581E-0001
-5.02331018447876E-0001
 1.84299468994141E+0001
-3.74178409576416E+0000
 3.74030995368958E+0000
 1.24299459457397E+0001
-4.69529485702515E+0000
 2.49766898155212E+0000
 1.24299459457397E+0001
 5.00856995582581E-0001
-5.02331018447876E-0001
 1.84299468994141E+0001
-4.69529485702515E+0000
 2.49766898155212E+0000
 1.24299459457397E+0001
 5.00856995582581E-0001
-5.02331018447876E-0001
 1.84299468994141E+0001
 5.00856995582581E-0001
-5.02331018447876E-0001
 1.84299468994141E+0001
-4.69529485702515E+0000
 2.49766898155212E+0000
 1.24299459457397E+0001
-5.29469823837280E+0000
 1.05058300495148E+0000
 1.24299459457397E+0001
 5.00856995582581E-0001
-5.02331018447876E-0001
 1.84299468994141E+0001
-5.29469823837280E+0000
 1.05058300495148E+0000
 1.24299459457397E+0001
 5.00856995582581E-0001
-5.02331018447876E-0001
 1.84299468994141E+0001
 5.00856995582581E-0001
-5.02331018447876E-0001
 1.84299468994141E+0001
-5.29469823837280E+0000
 1.05058300495148E+0000
 1.24299459457397E+0001
-5.49914312362671E+0000
-5.02331018447876E-0001
 1.24299459457397E+0001
 5.00856995582581E-0001
-5.02331018447876E-0001
 1.84299468994141E+0001
-5.49914312362671E+0000
-5.02331018447876E-0001
 1.24299459457397E+0001
 5.00856995582581E-0001
-5.02331018447876E-0001
 1.84299468994141E+0001
 5.00856995582581E-0001
-5.02331018447876E-0001
 1.84299468994141E+0001
-5.49914312362671E+0000
-5.02331018447876E-0001
 1.24299459457397E+0001
-5.29469680786133E+0000
-2.05524492263794E+0000
 1.24299459457397E+0001
 5.00856995582581E-0001
-5.02331018447876E-0001
 1.84299468994141E+0001
-5.29469680786133E+0000
-2.05524492263794E+0000
 1.24299459457397E+0001
 5.00856995582581E-0001
-5.02331018447876E-0001
 1.84299468994141E+0001
 5.00856995582581E-0001
-5.02331018447876E-0001
 1.84299468994141E+0001
-5.29469680786133E+0000
-2.05524492263794E+0000
 1.24299459457397E+0001
-4.69529485702515E+0000
-3.50233101844788E+0000
 1.24299459457397E+0001
 5.00856995582581E-0001
-5.02331018447876E-0001
 1.84299468994141E+0001
-4.69529485702515E+0000
-3.50233101844788E+0000
 1.24299459457397E+0001
 5.00856995582581E-0001
-5.02331018447876E-0001
 1.84299468994141E+0001
 5.00856995582581E-0001
-5.02331018447876E-0001
 1.84299468994141E+0001
-4.69529485702515E+0000
-3.50233101844788E+0000
 1.24299459457397E+0001
-3.74178290367126E+0000
-4.74497222900391E+0000
 1.24299459457397E+0001
 5.00856995582581E-0001
-5.02331018447876E-0001
 1.84299468994141E+0001
-3.74178290367126E+0000
-4.74497222900391E+0000
 1.24299459457397E+0001
 5.00856995582581E-0001
-5.02331018447876E-0001
 1.84299468994141E+0001
 5.00856995582581E-0001
-5.02331018447876E-0001
 1.84299468994141E+0001
-3.74178290367126E+0000
-4.74497222900391E+0000
 1.24299459457397E+0001
-2.49914193153381E+0000
-5.69848299026489E+0000
 1.24299459457397E+0001
 5.00856995582581E-0001
-5.02331018447876E-0001
 1.84299468994141E+0001
-2.49914193153381E+0000
-5.69848299026489E+0000
 1.24299459457397E+0001
 5.00856995582581E-0001
-5.02331018447876E-0001
 1.84299468994141E+0001
 5.00856995582581E-0001
-5.02331018447876E-0001
 1.84299468994141E+0001
-2.49914193153381E+0000
-5.69848299026489E+0000
 1.24299459457397E+0001
-1.05205595493317E+0000
-6.29788589477539E+0000
 1.24299459457397E+0001
 5.00856995582581E-0001
-5.02331018447876E-0001
 1.84299468994141E+0001
-1.05205595493317E+0000
-6.29788589477539E+0000
 1.24299459457397E+0001
 5.00856995582581E-0001
-5.02331018447876E-0001
 1.84299468994141E+0001
 5.00856995582581E-0001
-5.02331018447876E-0001
 1.84299468994141E+0001
-1.05205595493317E+0000
-6.29788589477539E+0000
 1.24299459457397E+0001
 5.00858008861542E-0001
-6.50233078002930E+0000
 1.24299459457397E+0001
 5.00856995582581E-0001
-5.02331018447876E-0001
 1.84299468994141E+0001
 5.00858008861542E-0001
-6.50233078002930E+0000
 1.24299459457397E+0001
 5.00856995582581E-0001
-5.02331018447876E-0001
 1.84299468994141E+0001
 5.00856995582581E-0001
-5.02331018447876E-0001
 1.84299468994141E+0001
 5.00858008861542E-0001
-6.50233078002930E+0000
 1.24299459457397E+0001
 2.05377197265625E+0000
-6.29788494110107E+0000
 1.24299459457397E+0001
 5.00856995582581E-0001
-5.02331018447876E-0001
 1.84299468994141E+0001
 2.05377197265625E+0000
-6.29788494110107E+0000
 1.24299459457397E+0001
 5.00856995582581E-0001
-5.02331018447876E-0001
 1.84299468994141E+0001
 5.00856995582581E-0001
-5.02331018447876E-0001
 1.84299468994141E+0001
 2.05377197265625E+0000
-6.29788494110107E+0000
 1.24299459457397E+0001
 3.50085806846619E+0000
-5.69848299026489E+0000
 1.24299459457397E+0001
 5.00856995582581E-0001
-5.02331018447876E-0001
 1.84299468994141E+0001
 3.50085806846619E+0000
-5.69848299026489E+0000
 1.24299459457397E+0001
 5.00856995582581E-0001
-5.02331018447876E-0001
 1.84299468994141E+0001
 5.00856995582581E-0001
-5.02331018447876E-0001
 1.84299468994141E+0001
 3.50085806846619E+0000
-5.69848299026489E+0000
 1.24299459457397E+0001
 4.74349880218506E+0000
-4.74497079849243E+0000
 1.24299459457397E+0001
 5.00856995582581E-0001
-5.02331018447876E-0001
 1.84299468994141E+0001
 4.74349880218506E+0000
-4.74497079849243E+0000
 1.24299459457397E+0001
 5.00856995582581E-0001
-5.02331018447876E-0001
 1.84299468994141E+0001
 5.00856995582581E-0001
-5.02331018447876E-0001
 1.84299468994141E+0001
 4.74349880218506E+0000
-4.74497079849243E+0000
 1.24299459457397E+0001
 5.69701004028320E+0000
-3.50233006477356E+0000
 1.24299459457397E+0001
 5.00856995582581E-0001
-5.02331018447876E-0001
 1.84299468994141E+0001
 5.69701004028320E+0000
-3.50233006477356E+0000
 1.24299459457397E+0001
 5.00856995582581E-0001
-5.02331018447876E-0001
 1.84299468994141E+0001
 5.00856995582581E-0001
-5.02331018447876E-0001
 1.84299468994141E+0001
 5.69701004028320E+0000
-3.50233006477356E+0000
 1.24299459457397E+0001
 6.29641199111938E+0000
-2.05524396896362E+0000
 1.24299459457397E+0001
 5.00856995582581E-0001
-5.02331018447876E-0001
 1.84299468994141E+0001
 6.29641199111938E+0000
-2.05524396896362E+0000
 1.24299459457397E+0001
 5.00856995582581E-0001
-5.02331018447876E-0001
 1.84299468994141E+0001
 5.00856995582581E-0001
-5.02331018447876E-0001
 1.84299468994141E+0001
 6.29641199111938E+0000
-2.05524396896362E+0000
 1.24299459457397E+0001
 6.50085687637329E+0000
-5.02331018447876E-0001
 1.24299459457397E+0001
 5.00856995582581E-0001
-5.02331018447876E-0001
 1.84299468994141E+0001
 5.00856995582581E-0001
-5.02331018447876E-0001
 1.84299468994141E+0001
 5.00856995582581E-0001
-5.02331018447876E-0001
 1.84299468994141E+0001
 5.00856995582581E-0001
-5.02331018447876E-0001
 1.84299468994141E+0001
 5.00856995582581E-0001
-5.02331018447876E-0001
 1.84299468994141E+0001
 5.00856995582581E-0001
-5.02331018447876E-0001
 1.84299468994141E+0001
 5.00856995582581E-0001
-5.02331018447876E-0001
 1.84299468994141E+0001
 5.00856995582581E-0001
-5.02331018447876E-0001
 1.84299468994141E+0001
 5.00856995582581E-0001
-5.02331018447876E-0001
 1.84299468994141E+0001
 5.00856995582581E-0001
-5.02331018447876E-0001
 1.84299468994141E+0001
 5.00856995582581E-0001
-5.02331018447876E-0001
 1.84299468994141E+0001
 5.00856995582581E-0001
-5.02331018447876E-0001
 1.84299468994141E+0001
 5.00856995582581E-0001
-5.02331018447876E-0001
 1.84299468994141E+0001
 5.00856995582581E-0001
-5.02331018447876E-0001
 1.84299468994141E+0001
 5.00856995582581E-0001
-5.02331018447876E-0001
 1.84299468994141E+0001
 5.00856995582581E-0001
-5.02331018447876E-0001
 1.84299468994141E+0001
 5.00856995582581E-0001
-5.02331018447876E-0001
 1.84299468994141E+0001
 5.00856995582581E-0001
-5.02331018447876E-0001
 1.84299468994141E+0001
 5.00856995582581E-0001
-5.02331018447876E-0001
 1.84299468994141E+0001
 5.00856995582581E-0001
-5.02331018447876E-0001
 1.84299468994141E+0001
 5.00856995582581E-0001
-5.02331018447876E-0001
 1.84299468994141E+0001
 5.00856995582581E-0001
-5.02331018447876E-0001
 1.84299468994141E+0001
 5.00856995582581E-0001
-5.02331018447876E-0001
 1.84299468994141E+0001
 5.00856995582581E-0001
-5.02331018447876E-0001
 1.84299468994141E+0001
 5.00856995582581E-0001
-5.02331018447876E-0001
 1.84299468994141E+0001
 5.00856995582581E-0001
-5.02331018447876E-0001
 1.84299468994141E+0001
 5.00856995582581E-0001
-5.02331018447876E-0001
 1.84299468994141E+0001
 5.00856995582581E-0001
-5.02331018447876E-0001
 1.84299468994141E+0001
 5.00856995582581E-0001
-5.02331018447876E-0001
 1.84299468994141E+0001
 5.00856995582581E-0001
-5.02331018447876E-0001
 1.84299468994141E+0001
 5.00856995582581E-0001
-5.02331018447876E-0001
 1.84299468994141E+0001
 5.00856995582581E-0001
-5.02331018447876E-0001
 1.84299468994141E+0001
 5.00856995582581E-0001
-5.02331018447876E-0001
 1.84299468994141E+0001
 5.00856995582581E-0001
-5.02331018447876E-0001
 1.84299468994141E+0001
 5.00856995582581E-0001
-5.02331018447876E-0001
 1.84299468994141E+0001
 5.00856995582581E-0001
-5.02331018447876E-0001
 1.84299468994141E+0001
 5.00856995582581E-0001
-5.02331018447876E-0001
 1.84299468994141E+0001
 5.00856995582581E-0001
-5.02331018447876E-0001
 1.84299468994141E+0001
 5.00856995582581E-0001
-5.02331018447876E-0001
 1.84299468994141E+0001
 5.00856995582581E-0001
-5.02331018447876E-0001
 1.84299468994141E+0001
 5.00856995582581E-0001
-5.02331018447876E-0001
 1.84299468994141E+0001
 5.00856995582581E-0001
-5.02331018447876E-0001
 1.84299468994141E+0001
 5.00856995582581E-0001
-5.02331018447876E-0001
 1.84299468994141E+0001
 5.00856995582581E-0001
-5.02331018447876E-0001
 1.84299468994141E+0001
 5.00856995582581E-0001
-5.02331018447876E-0001
 1.84299468994141E+0001
 5.00856995582581E-0001
-5.02331018447876E-0001
 1.84299468994141E+0001
 5.00856995582581E-0001
-5.02331018447876E-0001
 1.84299468994141E+0001
 5.00856995582581E-0001
-5.02331018447876E-0001
 1.84299468994141E+0001
 5.00856995582581E-0001
-5.02331018447876E-0001
 1.84299468994141E+0001
 5.00856995582581E-0001
-5.02331018447876E-0001
 1.84299468994141E+0001
 5.00856995582581E-0001
-5.02331018447876E-0001
 1.84299468994141E+0001
 5.00856995582581E-0001
-5.02331018447876E-0001
 1.84299468994141E+0001
 5.00856995582581E-0001
-5.02331018447876E-0001
 1.84299468994141E+0001
 5.00856995582581E-0001
-5.02331018447876E-0001
 1.84299468994141E+0001
 5.00856995582581E-0001
-5.02331018447876E-0001
 1.84299468994141E+0001
 5.00856995582581E-0001
-5.02331018447876E-0001
 1.84299468994141E+0001
 5.00856995582581E-0001
-5.02331018447876E-0001
 1.84299468994141E+0001
 5.00856995582581E-0001
-5.02331018447876E-0001
 1.84299468994141E+0001
 5.00856995582581E-0001
-5.02331018447876E-0001
 1.84299468994141E+0001
 5.00856995582581E-0001
-5.02331018447876E-0001
 1.84299468994141E+0001
 5.00856995582581E-0001
-5.02331018447876E-0001
 1.84299468994141E+0001
 5.00856995582581E-0001
-5.02331018447876E-0001
 1.84299468994141E+0001
 5.00856995582581E-0001
-5.02331018447876E-0001
 1.84299468994141E+0001
 5.00856995582581E-0001
-5.02331018447876E-0001
 1.84299468994141E+0001
 5.00856995582581E-0001
-5.02331018447876E-0001
 1.84299468994141E+0001
 5.00856995582581E-0001
-5.02331018447876E-0001
 1.84299468994141E+0001
 5.00856995582581E-0001
-5.02331018447876E-0001
 1.84299468994141E+0001
 5.00856995582581E-0001
-5.02331018447876E-0001
 1.84299468994141E+0001
 5.00856995582581E-0001
-5.02331018447876E-0001
 1.84299468994141E+0001
 5.00856995582581E-0001
-5.02331018447876E-0001
 1.84299468994141E+0001
 5.00856995582581E-0001
-5.02331018447876E-0001
 1.84299468994141E+0001
 5.00856995582581E-0001
-5.02331018447876E-0001
 1.84299468994141E+0001
 5.00856995582581E-0001
-5.02331018447876E-0001
 1.84299468994141E+0001