-1.50000000000000E+0001
-1.50000000000000E+0001
-1.50000000000000E+0001
-1.50000000000000E+0001
 1.50000000000000E+0001
-1.50000000000000E+0001
 1.50000000000000E+0001
 1.50000000000000E+0001
-1.50000000000000E+0001
 1.50000000000000E+0001
 1.50000000000000E+0001
-1.50000000000000E+0001
 1.50000000000000E+0001
-1.50000000000000E+0001
-1.50000000000000E+0001
-1.50000000000000E+0001
-1.50000000000000E+0001
-1.50000000000000E+0001
-1.50000000000000E+0001
-1.50000000000000E+0001
 1.50000000000000E+0001
 1.50000000000000E+0001
-1.50000000000000E+0001
 1.50000000000000E+0001
 1.50000000000000E+0001
 1.50000000000000E+0001
 1.50000000000000E+0001
 1.50000000000000E+0001
 1.50000000000000E+0001
 1.50000000000000E+0001
-1.50000000000000E+0001
 1.50000000000000E+0001
 1.50000000000000E+0001
-1.50000000000000E+0001
-1.50000000000000E+0001
 1.50000000000000E+0001
-1.50000000000000E+0001
-1.50000000000000E+0001
-1.50000000000000E+0001
 1.50000000000000E+0001
-1.50000000000000E+0001
-1.50000000000000E+0001
 1.50000000000000E+0001
-1.50000000000000E+0001
 1.50000000000000E+0001
 1.50000000000000E+0001
-1.50000000000000E+0001
 1.50000000000000E+0001
-1.50000000000000E+0001
-1.50000000000000E+0001
 1.50000000000000E+0001
-1.50000000000000E+0001
-1.50000000000000E+0001
-1.50000000000000E+0001
 1.50000000000000E+0001
-1.50000000000000E+0001
-1.50000000000000E+0001
 1.50000000000000E+0001
 1.50000000000000E+0001
-1.50000000000000E+0001
 1.50000000000000E+0001
 1.50000000000000E+0001
 1.50000000000000E+0001
 1.50000000000000E+0001
 1.50000000000000E+0001
 1.50000000000000E+0001
 1.50000000000000E+0001
-1.50000000000000E+0001
 1.50000000000000E+0001
 1.50000000000000E+0001
-1.50000000000000E+0001
-1.50000000000000E+0001
 1.50000000000000E+0001
 1.50000000000000E+0001
-1.50000000000000E+0001
-1.50000000000000E+0001
 1.50000000000000E+0001
-1.50000000000000E+0001
-1.50000000000000E+0001
 1.50000000000000E+0001
 1.50000000000000E+0001
-1.50000000000000E+0001
 1.50000000000000E+0001
 1.50000000000000E+0001
 1.50000000000000E+0001
 1.50000000000000E+0001
 1.50000000000000E+0001
 1.50000000000000E+0001
 1.50000000000000E+0001
-1.50000000000000E+0001
-1.50000000000000E+0001
 1.50000000000000E+0001
-1.50000000000000E+0001
-1.50000000000000E+0001
-1.50000000000000E+0001
-1.50000000000000E+0001
-1.50000000000000E+0001
-1.50000000000000E+0001
 1.50000000000000E+0001
-1.50000000000000E+0001
-1.50000000000000E+0001
 1.50000000000000E+0001
-1.50000000000000E+0001
 1.50000000000000E+0001
 1.50000000000000E+0001
-1.50000000000000E+0001
 1.50000000000000E+0001
-1.50000000000000E+0001