 7.58669972419739E-0002
 9.24476981163025E-0001
-1.44686040878295E+0001
 2.82666454315186E+0001
 1.11850805282592E+0001
-1.44686040878295E+0001
 3.00758666992188E+0001
 9.24476981163025E-0001
-1.44686040878295E+0001
 7.58669972419739E-0002
 9.24476981163025E-0001
-1.44686040878295E+0001
 2.30571994781494E+0001
 2.02081050872803E+0001
-1.44686040878295E+0001
 2.82666454315186E+0001
 1.11850805282592E+0001
-1.44686040878295E+0001
 7.58669972419739E-0002
 9.24476981163025E-0001
-1.44686040878295E+0001
 1.50758647918701E+0001
 2.69052391052246E+0001
-1.44686040878295E+0001
 2.30571994781494E+0001
 2.02081050872803E+0001
-1.44686040878295E+0001
 7.58669972419739E-0002
 9.24476981163025E-0001
-1.44686040878295E+0001
 5.28530979156494E+0000
 3.04687099456787E+0001
-1.44686040878295E+0001
 1.50758647918701E+0001
 2.69052391052246E+0001
-1.44686040878295E+0001
 7.58669972419739E-0002
 9.24476981163025E-0001
-1.44686040878295E+0001
-5.13358211517334E+0000
 3.04687080383301E+0001
-1.44686040878295E+0001
 5.28530979156494E+0000
 3.04687099456787E+0001
-1.44686040878295E+0001
 7.58669972419739E-0002
 9.24476981163025E-0001
-1.44686040878295E+0001
-1.49241361618042E+0001
 2.69052371978760E+0001
-1.44686040878295E+0001
-5.13358211517334E+0000
 3.04687080383301E+0001
-1.44686040878295E+0001
 7.58669972419739E-0002
 9.24476981163025E-0001
-1.44686040878295E+0001
-2.29054698944092E+0001
 2.02081012725830E+0001
-1.44686040878295E+0001
-1.49241361618042E+0001
 2.69052371978760E+0001
-1.44686040878295E+0001
 7.58669972419739E-0002
 9.24476981163025E-0001
-1.44686040878295E+0001
-2.81149139404297E+0001
 1.11850767135620E+0001
-1.44686040878295E+0001
-2.29054698944092E+0001
 2.02081012725830E+0001
-1.44686040878295E+0001
 7.58669972419739E-0002
 9.24476981163025E-0001
-1.44686040878295E+0001
-2.99241333007813E+0001
 9.24471020698547E-0001
-1.44686040878295E+0001
-2.81149139404297E+0001
 1.11850767135620E+0001
-1.44686040878295E+0001
 7.58669972419739E-0002
 9.24476981163025E-0001
-1.44686040878295E+0001
-2.81149101257324E+0001
-9.33613300323486E+0000
-1.44686040878295E+0001
-2.99241333007813E+0001
 9.24471020698547E-0001
-1.44686040878295E+0001
 7.58669972419739E-0002
 9.24476981163025E-0001
-1.44686040878295E+0001
-2.29054622650146E+0001
-1.83591575622559E+0001
-1.44686040878295E+0001
-2.81149101257324E+0001
-9.33613300323486E+0000
-1.44686040878295E+0001
 7.58669972419739E-0002
 9.24476981163025E-0001
-1.44686040878295E+0001
-1.49241275787353E+0001
-2.50562896728516E+0001
-1.44686040878295E+0001
-2.29054622650146E+0001
-1.83591575622559E+0001
-1.44686040878295E+0001
 7.58669972419739E-0002
 9.24476981163025E-0001
-1.44686040878295E+0001
-5.13357114791870E+0000
-2.86197566986084E+0001
-1.44686040878295E+0001
-1.49241275787353E+0001
-2.50562896728516E+0001
-1.44686040878295E+0001
 7.58669972419739E-0002
 9.24476981163025E-0001
-1.44686040878295E+0001
 5.28531980514526E+0000
-2.86197547912598E+0001
-1.44686040878295E+0001
-5.13357114791870E+0000
-2.86197566986084E+0001
-1.44686040878295E+0001
 7.58669972419739E-0002
 9.24476981163025E-0001
-1.44686040878295E+0001
 1.50758743286132E+0001
-2.50562801361084E+0001
-1.44686040878295E+0001
 5.28531980514526E+0000
-2.86197547912598E+0001
-1.44686040878295E+0001
 7.58669972419739E-0002
 9.24476981163025E-0001
-1.44686040878295E+0001
 2.30572052001953E+0001
-1.83591442108154E+0001
-1.44686040878295E+0001
 1.50758743286132E+0001
-2.50562801361084E+0001
-1.44686040878295E+0001
 7.58669972419739E-0002
 9.24476981163025E-0001
-1.44686040878295E+0001
 2.82666492462158E+0001
-9.33611869812012E+0000
-1.44686040878295E+0001
 2.30572052001953E+0001
-1.83591442108154E+0001
-1.44686040878295E+0001
 7.58669972419739E-0002
 9.24476981163025E-0001
-1.44686040878295E+0001
 3.00758666992188E+0001
 9.24476981163025E-0001
-1.44686040878295E+0001
 2.82666492462158E+0001
-9.33611869812012E+0000
-1.44686040878295E+0001
 3.00758666992188E+0001
 9.24476981163025E-0001
-1.44686040878295E+0001
 2.82666454315186E+0001
 1.11850805282592E+0001
-8.46860408782959E+0000
 3.00758666992188E+0001
 9.24476981163025E-0001
-8.46860408782959E+0000
 3.00758666992188E+0001
 9.24476981163025E-0001
-1.44686040878295E+0001
 2.82666454315186E+0001
 1.11850805282592E+0001
-1.44686040878295E+0001
 2.82666454315186E+0001
 1.11850805282592E+0001
-8.46860408782959E+0000
 2.82666454315186E+0001
 1.11850805282592E+0001
-1.44686040878295E+0001
 2.30571994781494E+0001
 2.02081050872803E+0001
-8.46860408782959E+0000
 2.82666454315186E+0001
 1.11850805282592E+0001
-8.46860408782959E+0000
 2.82666454315186E+0001
 1.11850805282592E+0001
-1.44686040878295E+0001
 2.30571994781494E+0001
 2.02081050872803E+0001
-1.44686040878295E+0001
 2.30571994781494E+0001
 2.02081050872803E+0001
-8.46860408782959E+0000
 2.30571994781494E+0001
 2.02081050872803E+0001
-1.44686040878295E+0001
 1.50758647918701E+0001
 2.69052391052246E+0001
-8.46860408782959E+0000
 2.30571994781494E+0001
 2.02081050872803E+0001
-8.46860408782959E+0000
 2.30571994781494E+0001
 2.02081050872803E+0001
-1.44686040878295E+0001
 1.50758647918701E+0001
 2.69052391052246E+0001
-1.44686040878295E+0001
 1.50758647918701E+0001
 2.69052391052246E+0001
-8.46860408782959E+0000
 1.50758647918701E+0001
 2.69052391052246E+0001
-1.44686040878295E+0001
 5.28530979156494E+0000
 3.04687099456787E+0001
-8.46860408782959E+0000
 1.50758647918701E+0001
 2.69052391052246E+0001
-8.46860408782959E+0000
 1.50758647918701E+0001
 2.69052391052246E+0001
-1.44686040878295E+0001
 5.28530979156494E+0000
 3.04687099456787E+0001
-1.44686040878295E+0001
 5.28530979156494E+0000
 3.04687099456787E+0001
-8.46860408782959E+0000
 5.28530979156494E+0000
 3.04687099456787E+0001
-1.44686040878295E+0001
-5.13358211517334E+0000
 3.04687080383301E+0001
-8.46860408782959E+0000
 5.28530979156494E+0000
 3.04687099456787E+0001
-8.46860408782959E+0000
 5.28530979156494E+0000
 3.04687099456787E+0001
-1.44686040878295E+0001
-5.13358211517334E+0000
 3.04687080383301E+0001
-1.44686040878295E+0001
-5.13358211517334E+0000
 3.04687080383301E+0001
-8.46860408782959E+0000
-5.13358211517334E+0000
 3.04687080383301E+0001
-1.44686040878295E+0001
-1.49241361618042E+0001
 2.69052371978760E+0001
-8.46860408782959E+0000
-5.13358211517334E+0000
 3.04687080383301E+0001
-8.46860408782959E+0000
-5.13358211517334E+0000
 3.04687080383301E+0001
-1.44686040878295E+0001
-1.49241361618042E+0001
 2.69052371978760E+0001
-1.44686040878295E+0001
-1.49241361618042E+0001
 2.69052371978760E+0001
-8.46860408782959E+0000
-1.49241361618042E+0001
 2.69052371978760E+0001
-1.44686040878295E+0001
-2.29054698944092E+0001
 2.02081012725830E+0001
-8.46860408782959E+0000
-1.49241361618042E+0001
 2.69052371978760E+0001
-8.46860408782959E+0000
-1.49241361618042E+0001
 2.69052371978760E+0001
-1.44686040878295E+0001
-2.29054698944092E+0001
 2.02081012725830E+0001
-1.44686040878295E+0001
-2.29054698944092E+0001
 2.02081012725830E+0001
-8.46860408782959E+0000
-2.29054698944092E+0001
 2.02081012725830E+0001
-1.44686040878295E+0001
-2.81149139404297E+0001
 1.11850767135620E+0001
-8.46860408782959E+0000
-2.29054698944092E+0001
 2.02081012725830E+0001
-8.46860408782959E+0000
-2.29054698944092E+0001
 2.02081012725830E+0001
-1.44686040878295E+0001
-2.81149139404297E+0001
 1.11850767135620E+0001
-1.44686040878295E+0001
-2.81149139404297E+0001
 1.11850767135620E+0001
-8.46860408782959E+0000
-2.81149139404297E+0001
 1.11850767135620E+0001
-1.44686040878295E+0001
-2.99241333007813E+0001
 9.24471020698547E-0001
-8.46860408782959E+0000
-2.81149139404297E+0001
 1.11850767135620E+0001
-8.46860408782959E+0000
-2.81149139404297E+0001
 1.11850767135620E+0001
-1.44686040878295E+0001
-2.99241333007813E+0001
 9.24471020698547E-0001
-1.44686040878295E+0001
-2.99241333007813E+0001
 9.24471020698547E-0001
-8.46860408782959E+0000
-2.99241333007813E+0001
 9.24471020698547E-0001
-1.44686040878295E+0001
-2.81149101257324E+0001
-9.33613300323486E+0000
-8.46860408782959E+0000
-2.99241333007813E+0001
 9.24471020698547E-0001
-8.46860408782959E+0000
-2.99241333007813E+0001
 9.24471020698547E-0001
-1.44686040878295E+0001
-2.81149101257324E+0001
-9.33613300323486E+0000
-1.44686040878295E+0001
-2.81149101257324E+0001
-9.33613300323486E+0000
-8.46860408782959E+0000
-2.81149101257324E+0001
-9.33613300323486E+0000
-1.44686040878295E+0001
-2.29054622650146E+0001
-1.83591575622559E+0001
-8.46860408782959E+0000
-2.81149101257324E+0001
-9.33613300323486E+0000
-8.46860408782959E+0000
-2.81149101257324E+0001
-9.33613300323486E+0000
-1.44686040878295E+0001
-2.29054622650146E+0001
-1.83591575622559E+0001
-1.44686040878295E+0001
-2.29054622650146E+0001
-1.83591575622559E+0001
-8.46860408782959E+0000
-2.29054622650146E+0001
-1.83591575622559E+0001
-1.44686040878295E+0001
-1.49241275787353E+0001
-2.50562896728516E+0001
-8.46860408782959E+0000
-2.29054622650146E+0001
-1.83591575622559E+0001
-8.46860408782959E+0000
-2.29054622650146E+0001
-1.83591575622559E+0001
-1.44686040878295E+0001
-1.49241275787353E+0001
-2.50562896728516E+0001
-1.44686040878295E+0001
-1.49241275787353E+0001
-2.50562896728516E+0001
-8.46860408782959E+0000
-1.49241275787353E+0001
-2.50562896728516E+0001
-1.44686040878295E+0001
-5.13357114791870E+0000
-2.86197566986084E+0001
-8.46860408782959E+0000
-1.49241275787353E+0001
-2.50562896728516E+0001
-8.46860408782959E+0000
-1.49241275787353E+0001
-2.50562896728516E+0001
-1.44686040878295E+0001
-5.13357114791870E+0000
-2.86197566986084E+0001
-1.44686040878295E+0001
-5.13357114791870E+0000
-2.86197566986084E+0001
-8.46860408782959E+0000
-5.13357114791870E+0000
-2.86197566986084E+0001
-1.44686040878295E+0001
 5.28531980514526E+0000
-2.86197547912598E+0001
-8.46860408782959E+0000
-5.13357114791870E+0000
-2.86197566986084E+0001
-8.46860408782959E+0000
-5.13357114791870E+0000
-2.86197566986084E+0001
-1.44686040878295E+0001
 5.28531980514526E+0000
-2.86197547912598E+0001
-1.44686040878295E+0001
 5.28531980514526E+0000
-2.86197547912598E+0001
-8.46860408782959E+0000
 5.28531980514526E+0000
-2.86197547912598E+0001
-1.44686040878295E+0001
 1.50758743286132E+0001
-2.50562801361084E+0001
-8.46860408782959E+0000
 5.28531980514526E+0000
-2.86197547912598E+0001
-8.46860408782959E+0000
 5.28531980514526E+0000
-2.86197547912598E+0001
-1.44686040878295E+0001
 1.50758743286132E+0001
-2.50562801361084E+0001
-1.44686040878295E+0001
 1.50758743286132E+0001
-2.50562801361084E+0001
-8.46860408782959E+0000
 1.50758743286132E+0001
-2.50562801361084E+0001
-1.44686040878295E+0001
 2.30572052001953E+0001
-1.83591442108154E+0001
-8.46860408782959E+0000
 1.50758743286132E+0001
-2.50562801361084E+0001
-8.46860408782959E+0000
 1.50758743286132E+0001
-2.50562801361084E+0001
-1.44686040878295E+0001
 2.30572052001953E+0001
-1.83591442108154E+0001
-1.44686040878295E+0001
 2.30572052001953E+0001
-1.83591442108154E+0001
-8.46860408782959E+0000
 2.30572052001953E+0001
-1.83591442108154E+0001
-1.44686040878295E+0001
 2.82666492462158E+0001
-9.33611869812012E+0000
-8.46860408782959E+0000
 2.30572052001953E+0001
-1.83591442108154E+0001
-8.46860408782959E+0000
 2.30572052001953E+0001
-1.83591442108154E+0001
-1.44686040878295E+0001
 2.82666492462158E+0001
-9.33611869812012E+0000
-1.44686040878295E+0001
 2.82666492462158E+0001
-9.33611869812012E+0000
-8.46860408782959E+0000
 2.82666492462158E+0001
-9.33611869812012E+0000
-1.44686040878295E+0001
 3.00758666992188E+0001
 9.24476981163025E-0001
-8.46860408782959E+0000
 2.82666492462158E+0001
-9.33611869812012E+0000
-8.46860408782959E+0000
 2.82666492462158E+0001
-9.33611869812012E+0000
-1.44686040878295E+0001
 3.00758666992188E+0001
 9.24476981163025E-0001
-1.44686040878295E+0001
 3.00758666992188E+0001
 9.24476981163025E-0001
-8.46860408782959E+0000
 3.00758666992188E+0001
 9.24476981163025E-0001
-8.46860408782959E+0000
 2.82666454315186E+0001
 1.11850805282592E+0001
-2.46860408782959E+0000
 3.00758666992188E+0001
 9.24476981163025E-0001
-2.46860408782959E+0000
 3.00758666992188E+0001
 9.24476981163025E-0001
-8.46860408782959E+0000
 2.82666454315186E+0001
 1.11850805282592E+0001
-8.46860408782959E+0000
 2.82666454315186E+0001
 1.11850805282592E+0001
-2.46860408782959E+0000
 2.82666454315186E+0001
 1.11850805282592E+0001
-8.46860408782959E+0000
 2.30571994781494E+0001
 2.02081050872803E+0001
-2.46860408782959E+0000
 2.82666454315186E+0001
 1.11850805282592E+0001
-2.46860408782959E+0000
 2.82666454315186E+0001
 1.11850805282592E+0001
-8.46860408782959E+0000
 2.30571994781494E+0001
 2.02081050872803E+0001
-8.46860408782959E+0000
 2.30571994781494E+0001
 2.02081050872803E+0001
-2.46860408782959E+0000
 2.30571994781494E+0001
 2.02081050872803E+0001
-8.46860408782959E+0000
 1.50758647918701E+0001
 2.69052391052246E+0001
-2.46860408782959E+0000
 2.30571994781494E+0001
 2.02081050872803E+0001
-2.46860408782959E+0000
 2.30571994781494E+0001
 2.02081050872803E+0001
-8.46860408782959E+0000
 1.50758647918701E+0001
 2.69052391052246E+0001
-8.46860408782959E+0000
 1.50758647918701E+0001
 2.69052391052246E+0001
-2.46860408782959E+0000
 1.50758647918701E+0001
 2.69052391052246E+0001
-8.46860408782959E+0000
 5.28530979156494E+0000
 3.04687099456787E+0001
-2.46860408782959E+0000
 1.50758647918701E+0001
 2.69052391052246E+0001
-2.46860408782959E+0000
 1.50758647918701E+0001
 2.69052391052246E+0001
-8.46860408782959E+0000
 5.28530979156494E+0000
 3.04687099456787E+0001
-8.46860408782959E+0000
 5.28530979156494E+0000
 3.04687099456787E+0001
-2.46860408782959E+0000
 5.28530979156494E+0000
 3.04687099456787E+0001
-8.46860408782959E+0000
-5.13358211517334E+0000
 3.04687080383301E+0001
-2.46860408782959E+0000
 5.28530979156494E+0000
 3.04687099456787E+0001
-2.46860408782959E+0000
 5.28530979156494E+0000
 3.04687099456787E+0001
-8.46860408782959E+0000
-5.13358211517334E+0000
 3.04687080383301E+0001
-8.46860408782959E+0000
-5.13358211517334E+0000
 3.04687080383301E+0001
-2.46860408782959E+0000
-5.13358211517334E+0000
 3.04687080383301E+0001
-8.46860408782959E+0000
-1.49241361618042E+0001
 2.69052371978760E+0001
-2.46860408782959E+0000
-5.13358211517334E+0000
 3.04687080383301E+0001
-2.46860408782959E+0000
-5.13358211517334E+0000
 3.04687080383301E+0001
-8.46860408782959E+0000
-1.49241361618042E+0001
 2.69052371978760E+0001
-8.46860408782959E+0000
-1.49241361618042E+0001
 2.69052371978760E+0001
-2.46860408782959E+0000
-1.49241361618042E+0001
 2.69052371978760E+0001
-8.46860408782959E+0000
-2.29054698944092E+0001
 2.02081012725830E+0001
-2.46860408782959E+0000
-1.49241361618042E+0001
 2.69052371978760E+0001
-2.46860408782959E+0000
-1.49241361618042E+0001
 2.69052371978760E+0001
-8.46860408782959E+0000
-2.29054698944092E+0001
 2.02081012725830E+0001
-8.46860408782959E+0000
-2.29054698944092E+0001
 2.02081012725830E+0001
-2.46860408782959E+0000
-2.29054698944092E+0001
 2.02081012725830E+0001
-8.46860408782959E+0000
-2.81149139404297E+0001
 1.11850767135620E+0001
-2.46860408782959E+0000
-2.29054698944092E+0001
 2.02081012725830E+0001
-2.46860408782959E+0000
-2.29054698944092E+0001
 2.02081012725830E+0001
-8.46860408782959E+0000
-2.81149139404297E+0001
 1.11850767135620E+0001
-8.46860408782959E+0000
-2.81149139404297E+0001
 1.11850767135620E+0001
-2.46860408782959E+0000
-2.81149139404297E+0001
 1.11850767135620E+0001
-8.46860408782959E+0000
-2.99241333007813E+0001
 9.24471020698547E-0001
-2.46860408782959E+0000
-2.81149139404297E+0001
 1.11850767135620E+0001
-2.46860408782959E+0000
-2.81149139404297E+0001
 1.11850767135620E+0001
-8.46860408782959E+0000
-2.99241333007813E+0001
 9.24471020698547E-0001
-8.46860408782959E+0000
-2.99241333007813E+0001
 9.24471020698547E-0001
-2.46860408782959E+0000
-2.99241333007813E+0001
 9.24471020698547E-0001
-8.46860408782959E+0000
-2.81149101257324E+0001
-9.33613300323486E+0000
-2.46860408782959E+0000
-2.99241333007813E+0001
 9.24471020698547E-0001
-2.46860408782959E+0000
-2.99241333007813E+0001
 9.24471020698547E-0001
-8.46860408782959E+0000
-2.81149101257324E+0001
-9.33613300323486E+0000
-8.46860408782959E+0000
-2.81149101257324E+0001
-9.33613300323486E+0000
-2.46860408782959E+0000
-2.81149101257324E+0001
-9.33613300323486E+0000
-8.46860408782959E+0000
-2.29054622650146E+0001
-1.83591575622559E+0001
-2.46860408782959E+0000
-2.81149101257324E+0001
-9.33613300323486E+0000
-2.46860408782959E+0000
-2.81149101257324E+0001
-9.33613300323486E+0000
-8.46860408782959E+0000
-2.29054622650146E+0001
-1.83591575622559E+0001
-8.46860408782959E+0000
-2.29054622650146E+0001
-1.83591575622559E+0001
-2.46860408782959E+0000
-2.29054622650146E+0001
-1.83591575622559E+0001
-8.46860408782959E+0000
-1.49241275787353E+0001
-2.50562896728516E+0001
-2.46860408782959E+0000
-2.29054622650146E+0001
-1.83591575622559E+0001
-2.46860408782959E+0000
-2.29054622650146E+0001
-1.83591575622559E+0001
-8.46860408782959E+0000
-1.49241275787353E+0001
-2.50562896728516E+0001
-8.46860408782959E+0000
-1.49241275787353E+0001
-2.50562896728516E+0001
-2.46860408782959E+0000
-1.49241275787353E+0001
-2.50562896728516E+0001
-8.46860408782959E+0000
-5.13357114791870E+0000
-2.86197566986084E+0001
-2.46860408782959E+0000
-1.49241275787353E+0001
-2.50562896728516E+0001
-2.46860408782959E+0000
-1.49241275787353E+0001
-2.50562896728516E+0001
-8.46860408782959E+0000
-5.13357114791870E+0000
-2.86197566986084E+0001
-8.46860408782959E+0000
-5.13357114791870E+0000
-2.86197566986084E+0001
-2.46860408782959E+0000
-5.13357114791870E+0000
-2.86197566986084E+0001
-8.46860408782959E+0000
 5.28531980514526E+0000
-2.86197547912598E+0001
-2.46860408782959E+0000
-5.13357114791870E+0000
-2.86197566986084E+0001
-2.46860408782959E+0000
-5.13357114791870E+0000
-2.86197566986084E+0001
-8.46860408782959E+0000
 5.28531980514526E+0000
-2.86197547912598E+0001
-8.46860408782959E+0000
 5.28531980514526E+0000
-2.86197547912598E+0001
-2.46860408782959E+0000
 5.28531980514526E+0000
-2.86197547912598E+0001
-8.46860408782959E+0000
 1.50758743286132E+0001
-2.50562801361084E+0001
-2.46860408782959E+0000
 5.28531980514526E+0000
-2.86197547912598E+0001
-2.46860408782959E+0000
 5.28531980514526E+0000
-2.86197547912598E+0001
-8.46860408782959E+0000
 1.50758743286132E+0001
-2.50562801361084E+0001
-8.46860408782959E+0000
 1.50758743286132E+0001
-2.50562801361084E+0001
-2.46860408782959E+0000
 1.50758743286132E+0001
-2.50562801361084E+0001
-8.46860408782959E+0000
 2.30572052001953E+0001
-1.83591442108154E+0001
-2.46860408782959E+0000
 1.50758743286132E+0001
-2.50562801361084E+0001
-2.46860408782959E+0000
 1.50758743286132E+0001
-2.50562801361084E+0001
-8.46860408782959E+0000
 2.30572052001953E+0001
-1.83591442108154E+0001
-8.46860408782959E+0000
 2.30572052001953E+0001
-1.83591442108154E+0001
-2.46860408782959E+0000
 2.30572052001953E+0001
-1.83591442108154E+0001
-8.46860408782959E+0000
 2.82666492462158E+0001
-9.33611869812012E+0000
-2.46860408782959E+0000
 2.30572052001953E+0001
-1.83591442108154E+0001
-2.46860408782959E+0000
 2.30572052001953E+0001
-1.83591442108154E+0001
-8.46860408782959E+0000
 2.82666492462158E+0001
-9.33611869812012E+0000
-8.46860408782959E+0000
 2.82666492462158E+0001
-9.33611869812012E+0000
-2.46860408782959E+0000
 2.82666492462158E+0001
-9.33611869812012E+0000
-8.46860408782959E+0000
 3.00758666992188E+0001
 9.24476981163025E-0001
-2.46860408782959E+0000
 2.82666492462158E+0001
-9.33611869812012E+0000
-2.46860408782959E+0000
 2.82666492462158E+0001
-9.33611869812012E+0000
-8.46860408782959E+0000
 3.00758666992188E+0001
 9.24476981163025E-0001
-8.46860408782959E+0000
 3.00758666992188E+0001
 9.24476981163025E-0001
-2.46860408782959E+0000
 3.00758666992188E+0001
 9.24476981163025E-0001
-2.46860408782959E+0000
 2.82666454315186E+0001
 1.11850805282592E+0001
 3.53139591217041E+0000
 3.00758666992188E+0001
 9.24476981163025E-0001
 3.53139591217041E+0000
 3.00758666992188E+0001
 9.24476981163025E-0001
-2.46860408782959E+0000
 2.82666454315186E+0001
 1.11850805282592E+0001
-2.46860408782959E+0000
 2.82666454315186E+0001
 1.11850805282592E+0001
 3.53139591217041E+0000
 2.82666454315186E+0001
 1.11850805282592E+0001
-2.46860408782959E+0000
 2.30571994781494E+0001
 2.02081050872803E+0001
 3.53139591217041E+0000
 2.82666454315186E+0001
 1.11850805282592E+0001
 3.53139591217041E+0000
 2.82666454315186E+0001
 1.11850805282592E+0001
-2.46860408782959E+0000
 2.30571994781494E+0001
 2.02081050872803E+0001
-2.46860408782959E+0000
 2.30571994781494E+0001
 2.02081050872803E+0001
 3.53139591217041E+0000
 2.30571994781494E+0001
 2.02081050872803E+0001
-2.46860408782959E+0000
 1.50758647918701E+0001
 2.69052391052246E+0001
 3.53139591217041E+0000
 2.30571994781494E+0001
 2.02081050872803E+0001
 3.53139591217041E+0000
 2.30571994781494E+0001
 2.02081050872803E+0001
-2.46860408782959E+0000
 1.50758647918701E+0001
 2.69052391052246E+0001
-2.46860408782959E+0000
 1.50758647918701E+0001
 2.69052391052246E+0001
 3.53139591217041E+0000
 1.50758647918701E+0001
 2.69052391052246E+0001
-2.46860408782959E+0000
 5.28530979156494E+0000
 3.04687099456787E+0001
 3.53139591217041E+0000
 1.50758647918701E+0001
 2.69052391052246E+0001
 3.53139591217041E+0000
 1.50758647918701E+0001
 2.69052391052246E+0001
-2.46860408782959E+0000
 5.28530979156494E+0000
 3.04687099456787E+0001
-2.46860408782959E+0000
 5.28530979156494E+0000
 3.04687099456787E+0001
 3.53139591217041E+0000
 5.28530979156494E+0000
 3.04687099456787E+0001
-2.46860408782959E+0000
-5.13358211517334E+0000
 3.04687080383301E+0001
 3.53139591217041E+0000
 5.28530979156494E+0000
 3.04687099456787E+0001
 3.53139591217041E+0000
 5.28530979156494E+0000
 3.04687099456787E+0001
-2.46860408782959E+0000
-5.13358211517334E+0000
 3.04687080383301E+0001
-2.46860408782959E+0000
-5.13358211517334E+0000
 3.04687080383301E+0001
 3.53139591217041E+0000
-5.13358211517334E+0000
 3.04687080383301E+0001
-2.46860408782959E+0000
-1.49241361618042E+0001
 2.69052371978760E+0001
 3.53139591217041E+0000
-5.13358211517334E+0000
 3.04687080383301E+0001
 3.53139591217041E+0000
-5.13358211517334E+0000
 3.04687080383301E+0001
-2.46860408782959E+0000
-1.49241361618042E+0001
 2.69052371978760E+0001
-2.46860408782959E+0000
-1.49241361618042E+0001
 2.69052371978760E+0001
 3.53139591217041E+0000
-1.49241361618042E+0001
 2.69052371978760E+0001
-2.46860408782959E+0000
-2.29054698944092E+0001
 2.02081012725830E+0001
 3.53139591217041E+0000
-1.49241361618042E+0001
 2.69052371978760E+0001
 3.53139591217041E+0000
-1.49241361618042E+0001
 2.69052371978760E+0001
-2.46860408782959E+0000
-2.29054698944092E+0001
 2.02081012725830E+0001
-2.46860408782959E+0000
-2.29054698944092E+0001
 2.02081012725830E+0001
 3.53139591217041E+0000
-2.29054698944092E+0001
 2.02081012725830E+0001
-2.46860408782959E+0000
-2.81149139404297E+0001
 1.11850767135620E+0001
 3.53139591217041E+0000
-2.29054698944092E+0001
 2.02081012725830E+0001
 3.53139591217041E+0000
-2.29054698944092E+0001
 2.02081012725830E+0001
-2.46860408782959E+0000
-2.81149139404297E+0001
 1.11850767135620E+0001
-2.46860408782959E+0000
-2.81149139404297E+0001
 1.11850767135620E+0001
 3.53139591217041E+0000
-2.81149139404297E+0001
 1.11850767135620E+0001
-2.46860408782959E+0000
-2.99241333007813E+0001
 9.24471020698547E-0001
 3.53139591217041E+0000
-2.81149139404297E+0001
 1.11850767135620E+0001
 3.53139591217041E+0000
-2.81149139404297E+0001
 1.11850767135620E+0001
-2.46860408782959E+0000
-2.99241333007813E+0001
 9.24471020698547E-0001
-2.46860408782959E+0000
-2.99241333007813E+0001
 9.24471020698547E-0001
 3.53139591217041E+0000
-2.99241333007813E+0001
 9.24471020698547E-0001
-2.46860408782959E+0000
-2.81149101257324E+0001
-9.33613300323486E+0000
 3.53139591217041E+0000
-2.99241333007813E+0001
 9.24471020698547E-0001
 3.53139591217041E+0000
-2.99241333007813E+0001
 9.24471020698547E-0001
-2.46860408782959E+0000
-2.81149101257324E+0001
-9.33613300323486E+0000
-2.46860408782959E+0000
-2.81149101257324E+0001
-9.33613300323486E+0000
 3.53139591217041E+0000
-2.81149101257324E+0001
-9.33613300323486E+0000
-2.46860408782959E+0000
-2.29054622650146E+0001
-1.83591575622559E+0001
 3.53139591217041E+0000
-2.81149101257324E+0001
-9.33613300323486E+0000
 3.53139591217041E+0000
-2.81149101257324E+0001
-9.33613300323486E+0000
-2.46860408782959E+0000
-2.29054622650146E+0001
-1.83591575622559E+0001
-2.46860408782959E+0000
-2.29054622650146E+0001
-1.83591575622559E+0001
 3.53139591217041E+0000
-2.29054622650146E+0001
-1.83591575622559E+0001
-2.46860408782959E+0000
-1.49241275787353E+0001
-2.50562896728516E+0001
 3.53139591217041E+0000
-2.29054622650146E+0001
-1.83591575622559E+0001
 3.53139591217041E+0000
-2.29054622650146E+0001
-1.83591575622559E+0001
-2.46860408782959E+0000
-1.49241275787353E+0001
-2.50562896728516E+0001
-2.46860408782959E+0000
-1.49241275787353E+0001
-2.50562896728516E+0001
 3.53139591217041E+0000
-1.49241275787353E+0001
-2.50562896728516E+0001
-2.46860408782959E+0000
-5.13357114791870E+0000
-2.86197566986084E+0001
 3.53139591217041E+0000
-1.49241275787353E+0001
-2.50562896728516E+0001
 3.53139591217041E+0000
-1.49241275787353E+0001
-2.50562896728516E+0001
-2.46860408782959E+0000
-5.13357114791870E+0000
-2.86197566986084E+0001
-2.46860408782959E+0000
-5.13357114791870E+0000
-2.86197566986084E+0001
 3.53139591217041E+0000
-5.13357114791870E+0000
-2.86197566986084E+0001
-2.46860408782959E+0000
 5.28531980514526E+0000
-2.86197547912598E+0001
 3.53139591217041E+0000
-5.13357114791870E+0000
-2.86197566986084E+0001
 3.53139591217041E+0000
-5.13357114791870E+0000
-2.86197566986084E+0001
-2.46860408782959E+0000
 5.28531980514526E+0000
-2.86197547912598E+0001
-2.46860408782959E+0000
 5.28531980514526E+0000
-2.86197547912598E+0001
 3.53139591217041E+0000
 5.28531980514526E+0000
-2.86197547912598E+0001
-2.46860408782959E+0000
 1.50758743286132E+0001
-2.50562801361084E+0001
 3.53139591217041E+0000
 5.28531980514526E+0000
-2.86197547912598E+0001
 3.53139591217041E+0000
 5.28531980514526E+0000
-2.86197547912598E+0001
-2.46860408782959E+0000
 1.50758743286132E+0001
-2.50562801361084E+0001
-2.46860408782959E+0000
 1.50758743286132E+0001
-2.50562801361084E+0001
 3.53139591217041E+0000
 1.50758743286132E+0001
-2.50562801361084E+0001
-2.46860408782959E+0000
 2.30572052001953E+0001
-1.83591442108154E+0001
 3.53139591217041E+0000
 1.50758743286132E+0001
-2.50562801361084E+0001
 3.53139591217041E+0000
 1.50758743286132E+0001
-2.50562801361084E+0001
-2.46860408782959E+0000
 2.30572052001953E+0001
-1.83591442108154E+0001
-2.46860408782959E+0000
 2.30572052001953E+0001
-1.83591442108154E+0001
 3.53139591217041E+0000
 2.30572052001953E+0001
-1.83591442108154E+0001
-2.46860408782959E+0000
 2.82666492462158E+0001
-9.33611869812012E+0000
 3.53139591217041E+0000
 2.30572052001953E+0001
-1.83591442108154E+0001
 3.53139591217041E+0000
 2.30572052001953E+0001
-1.83591442108154E+0001
-2.46860408782959E+0000
 2.82666492462158E+0001
-9.33611869812012E+0000
-2.46860408782959E+0000
 2.82666492462158E+0001
-9.33611869812012E+0000
 3.53139591217041E+0000
 2.82666492462158E+0001
-9.33611869812012E+0000
-2.46860408782959E+0000
 3.00758666992188E+0001
 9.24476981163025E-0001
 3.53139591217041E+0000
 2.82666492462158E+0001
-9.33611869812012E+0000
 3.53139591217041E+0000
 2.82666492462158E+0001
-9.33611869812012E+0000
-2.46860408782959E+0000
 3.00758666992188E+0001
 9.24476981163025E-0001
-2.46860408782959E+0000
 3.00758666992188E+0001
 9.24476981163025E-0001
 3.53139591217041E+0000
 3.00758666992188E+0001
 9.24476981163025E-0001
 3.53139591217041E+0000
 2.82666454315186E+0001
 1.11850805282592E+0001
 9.53139591217041E+0000
 3.00758666992188E+0001
 9.24476981163025E-0001
 9.53139591217041E+0000
 3.00758666992188E+0001
 9.24476981163025E-0001
 3.53139591217041E+0000
 2.82666454315186E+0001
 1.11850805282592E+0001
 3.53139591217041E+0000
 2.82666454315186E+0001
 1.11850805282592E+0001
 9.53139591217041E+0000
 2.82666454315186E+0001
 1.11850805282592E+0001
 3.53139591217041E+0000
 2.30571994781494E+0001
 2.02081050872803E+0001
 9.53139591217041E+0000
 2.82666454315186E+0001
 1.11850805282592E+0001
 9.53139591217041E+0000
 2.82666454315186E+0001
 1.11850805282592E+0001
 3.53139591217041E+0000
 2.30571994781494E+0001
 2.02081050872803E+0001
 3.53139591217041E+0000
 2.30571994781494E+0001
 2.02081050872803E+0001
 9.53139591217041E+0000
 2.30571994781494E+0001
 2.02081050872803E+0001
 3.53139591217041E+0000
 1.50758647918701E+0001
 2.69052391052246E+0001
 9.53139591217041E+0000
 2.30571994781494E+0001
 2.02081050872803E+0001
 9.53139591217041E+0000
 2.30571994781494E+0001
 2.02081050872803E+0001
 3.53139591217041E+0000
 1.50758647918701E+0001
 2.69052391052246E+0001
 3.53139591217041E+0000
 1.50758647918701E+0001
 2.69052391052246E+0001
 9.53139591217041E+0000
 1.50758647918701E+0001
 2.69052391052246E+0001
 3.53139591217041E+0000
 5.28530979156494E+0000
 3.04687099456787E+0001
 9.53139591217041E+0000
 1.50758647918701E+0001
 2.69052391052246E+0001
 9.53139591217041E+0000
 1.50758647918701E+0001
 2.69052391052246E+0001
 3.53139591217041E+0000
 5.28530979156494E+0000
 3.04687099456787E+0001
 3.53139591217041E+0000
 5.28530979156494E+0000
 3.04687099456787E+0001
 9.53139591217041E+0000
 5.28530979156494E+0000
 3.04687099456787E+0001
 3.53139591217041E+0000
-5.13358211517334E+0000
 3.04687080383301E+0001
 9.53139591217041E+0000
 5.28530979156494E+0000
 3.04687099456787E+0001
 9.53139591217041E+0000
 5.28530979156494E+0000
 3.04687099456787E+0001
 3.53139591217041E+0000
-5.13358211517334E+0000
 3.04687080383301E+0001
 3.53139591217041E+0000
-5.13358211517334E+0000
 3.04687080383301E+0001
 9.53139591217041E+0000
-5.13358211517334E+0000
 3.04687080383301E+0001
 3.53139591217041E+0000
-1.49241361618042E+0001
 2.69052371978760E+0001
 9.53139591217041E+0000
-5.13358211517334E+0000
 3.04687080383301E+0001
 9.53139591217041E+0000
-5.13358211517334E+0000
 3.04687080383301E+0001
 3.53139591217041E+0000
-1.49241361618042E+0001
 2.69052371978760E+0001
 3.53139591217041E+0000
-1.49241361618042E+0001
 2.69052371978760E+0001
 9.53139591217041E+0000
-1.49241361618042E+0001
 2.69052371978760E+0001
 3.53139591217041E+0000
-2.29054698944092E+0001
 2.02081012725830E+0001
 9.53139591217041E+0000
-1.49241361618042E+0001
 2.69052371978760E+0001
 9.53139591217041E+0000
-1.49241361618042E+0001
 2.69052371978760E+0001
 3.53139591217041E+0000
-2.29054698944092E+0001
 2.02081012725830E+0001
 3.53139591217041E+0000
-2.29054698944092E+0001
 2.02081012725830E+0001
 9.53139591217041E+0000
-2.29054698944092E+0001
 2.02081012725830E+0001
 3.53139591217041E+0000
-2.81149139404297E+0001
 1.11850767135620E+0001
 9.53139591217041E+0000
-2.29054698944092E+0001
 2.02081012725830E+0001
 9.53139591217041E+0000
-2.29054698944092E+0001
 2.02081012725830E+0001
 3.53139591217041E+0000
-2.81149139404297E+0001
 1.11850767135620E+0001
 3.53139591217041E+0000
-2.81149139404297E+0001
 1.11850767135620E+0001
 9.53139591217041E+0000
-2.81149139404297E+0001
 1.11850767135620E+0001
 3.53139591217041E+0000
-2.99241333007813E+0001
 9.24471020698547E-0001
 9.53139591217041E+0000
-2.81149139404297E+0001
 1.11850767135620E+0001
 9.53139591217041E+0000
-2.81149139404297E+0001
 1.11850767135620E+0001
 3.53139591217041E+0000
-2.99241333007813E+0001
 9.24471020698547E-0001
 3.53139591217041E+0000
-2.99241333007813E+0001
 9.24471020698547E-0001
 9.53139591217041E+0000
-2.99241333007813E+0001
 9.24471020698547E-0001
 3.53139591217041E+0000
-2.81149101257324E+0001
-9.33613300323486E+0000
 9.53139591217041E+0000
-2.99241333007813E+0001
 9.24471020698547E-0001
 9.53139591217041E+0000
-2.99241333007813E+0001
 9.24471020698547E-0001
 3.53139591217041E+0000
-2.81149101257324E+0001
-9.33613300323486E+0000
 3.53139591217041E+0000
-2.81149101257324E+0001
-9.33613300323486E+0000
 9.53139591217041E+0000
-2.81149101257324E+0001
-9.33613300323486E+0000
 3.53139591217041E+0000
-2.29054622650146E+0001
-1.83591575622559E+0001
 9.53139591217041E+0000
-2.81149101257324E+0001
-9.33613300323486E+0000
 9.53139591217041E+0000
-2.81149101257324E+0001
-9.33613300323486E+0000
 3.53139591217041E+0000
-2.29054622650146E+0001
-1.83591575622559E+0001
 3.53139591217041E+0000
-2.29054622650146E+0001
-1.83591575622559E+0001
 9.53139591217041E+0000
-2.29054622650146E+0001
-1.83591575622559E+0001
 3.53139591217041E+0000
-1.49241275787353E+0001
-2.50562896728516E+0001
 9.53139591217041E+0000
-2.29054622650146E+0001
-1.83591575622559E+0001
 9.53139591217041E+0000
-2.29054622650146E+0001
-1.83591575622559E+0001
 3.53139591217041E+0000
-1.49241275787353E+0001
-2.50562896728516E+0001
 3.53139591217041E+0000
-1.49241275787353E+0001
-2.50562896728516E+0001
 9.53139591217041E+0000
-1.49241275787353E+0001
-2.50562896728516E+0001
 3.53139591217041E+0000
-5.13357114791870E+0000
-2.86197566986084E+0001
 9.53139591217041E+0000
-1.49241275787353E+0001
-2.50562896728516E+0001
 9.53139591217041E+0000
-1.49241275787353E+0001
-2.50562896728516E+0001
 3.53139591217041E+0000
-5.13357114791870E+0000
-2.86197566986084E+0001
 3.53139591217041E+0000
-5.13357114791870E+0000
-2.86197566986084E+0001
 9.53139591217041E+0000
-5.13357114791870E+0000
-2.86197566986084E+0001
 3.53139591217041E+0000
 5.28531980514526E+0000
-2.86197547912598E+0001
 9.53139591217041E+0000
-5.13357114791870E+0000
-2.86197566986084E+0001
 9.53139591217041E+0000
-5.13357114791870E+0000
-2.86197566986084E+0001
 3.53139591217041E+0000
 5.28531980514526E+0000
-2.86197547912598E+0001
 3.53139591217041E+0000
 5.28531980514526E+0000
-2.86197547912598E+0001
 9.53139591217041E+0000
 5.28531980514526E+0000
-2.86197547912598E+0001
 3.53139591217041E+0000
 1.50758743286132E+0001
-2.50562801361084E+0001
 9.53139591217041E+0000
 5.28531980514526E+0000
-2.86197547912598E+0001
 9.53139591217041E+0000
 5.28531980514526E+0000
-2.86197547912598E+0001
 3.53139591217041E+0000
 1.50758743286132E+0001
-2.50562801361084E+0001
 3.53139591217041E+0000
 1.50758743286132E+0001
-2.50562801361084E+0001
 9.53139591217041E+0000
 1.50758743286132E+0001
-2.50562801361084E+0001
 3.53139591217041E+0000
 2.30572052001953E+0001
-1.83591442108154E+0001
 9.53139591217041E+0000
 1.50758743286132E+0001
-2.50562801361084E+0001
 9.53139591217041E+0000
 1.50758743286132E+0001
-2.50562801361084E+0001
 3.53139591217041E+0000
 2.30572052001953E+0001
-1.83591442108154E+0001
 3.53139591217041E+0000
 2.30572052001953E+0001
-1.83591442108154E+0001
 9.53139591217041E+0000
 2.30572052001953E+0001
-1.83591442108154E+0001
 3.53139591217041E+0000
 2.82666492462158E+0001
-9.33611869812012E+0000
 9.53139591217041E+0000
 2.30572052001953E+0001
-1.83591442108154E+0001
 9.53139591217041E+0000
 2.30572052001953E+0001
-1.83591442108154E+0001
 3.53139591217041E+0000
 2.82666492462158E+0001
-9.33611869812012E+0000
 3.53139591217041E+0000
 2.82666492462158E+0001
-9.33611869812012E+0000
 9.53139591217041E+0000
 2.82666492462158E+0001
-9.33611869812012E+0000
 3.53139591217041E+0000
 3.00758666992188E+0001
 9.24476981163025E-0001
 9.53139591217041E+0000
 2.82666492462158E+0001
-9.33611869812012E+0000
 9.53139591217041E+0000
 2.82666492462158E+0001
-9.33611869812012E+0000
 3.53139591217041E+0000
 3.00758666992188E+0001
 9.24476981163025E-0001
 3.53139591217041E+0000
 3.00758666992188E+0001
 9.24476981163025E-0001
 9.53139591217041E+0000
 3.00758666992188E+0001
 9.24476981163025E-0001
 9.53139591217041E+0000
 2.82666454315186E+0001
 1.11850805282592E+0001
 1.55313959121704E+0001
 3.00758666992188E+0001
 9.24476981163025E-0001
 1.55313959121704E+0001
 3.00758666992188E+0001
 9.24476981163025E-0001
 9.53139591217041E+0000
 2.82666454315186E+0001
 1.11850805282592E+0001
 9.53139591217041E+0000
 2.82666454315186E+0001
 1.11850805282592E+0001
 1.55313959121704E+0001
 2.82666454315186E+0001
 1.11850805282592E+0001
 9.53139591217041E+0000
 2.30571994781494E+0001
 2.02081050872803E+0001
 1.55313959121704E+0001
 2.82666454315186E+0001
 1.11850805282592E+0001
 1.55313959121704E+0001
 2.82666454315186E+0001
 1.11850805282592E+0001
 9.53139591217041E+0000
 2.30571994781494E+0001
 2.02081050872803E+0001
 9.53139591217041E+0000
 2.30571994781494E+0001
 2.02081050872803E+0001
 1.55313959121704E+0001
 2.30571994781494E+0001
 2.02081050872803E+0001
 9.53139591217041E+0000
 1.50758647918701E+0001
 2.69052391052246E+0001
 1.55313959121704E+0001
 2.30571994781494E+0001
 2.02081050872803E+0001
 1.55313959121704E+0001
 2.30571994781494E+0001
 2.02081050872803E+0001
 9.53139591217041E+0000
 1.50758647918701E+0001
 2.69052391052246E+0001
 9.53139591217041E+0000
 1.50758647918701E+0001
 2.69052391052246E+0001
 1.55313959121704E+0001
 1.50758647918701E+0001
 2.69052391052246E+0001
 9.53139591217041E+0000
 5.28530979156494E+0000
 3.04687099456787E+0001
 1.55313959121704E+0001
 1.50758647918701E+0001
 2.69052391052246E+0001
 1.55313959121704E+0001
 1.50758647918701E+0001
 2.69052391052246E+0001
 9.53139591217041E+0000
 5.28530979156494E+0000
 3.04687099456787E+0001
 9.53139591217041E+0000
 5.28530979156494E+0000
 3.04687099456787E+0001
 1.55313959121704E+0001
 5.28530979156494E+0000
 3.04687099456787E+0001
 9.53139591217041E+0000
-5.13358211517334E+0000
 3.04687080383301E+0001
 1.55313959121704E+0001
 5.28530979156494E+0000
 3.04687099456787E+0001
 1.55313959121704E+0001
 5.28530979156494E+0000
 3.04687099456787E+0001
 9.53139591217041E+0000
-5.13358211517334E+0000
 3.04687080383301E+0001
 9.53139591217041E+0000
-5.13358211517334E+0000
 3.04687080383301E+0001
 1.55313959121704E+0001
-5.13358211517334E+0000
 3.04687080383301E+0001
 9.53139591217041E+0000
-1.49241361618042E+0001
 2.69052371978760E+0001
 1.55313959121704E+0001
-5.13358211517334E+0000
 3.04687080383301E+0001
 1.55313959121704E+0001
-5.13358211517334E+0000
 3.04687080383301E+0001
 9.53139591217041E+0000
-1.49241361618042E+0001
 2.69052371978760E+0001
 9.53139591217041E+0000
-1.49241361618042E+0001
 2.69052371978760E+0001
 1.55313959121704E+0001
-1.49241361618042E+0001
 2.69052371978760E+0001
 9.53139591217041E+0000
-2.29054698944092E+0001
 2.02081012725830E+0001
 1.55313959121704E+0001
-1.49241361618042E+0001
 2.69052371978760E+0001
 1.55313959121704E+0001
-1.49241361618042E+0001
 2.69052371978760E+0001
 9.53139591217041E+0000
-2.29054698944092E+0001
 2.02081012725830E+0001
 9.53139591217041E+0000
-2.29054698944092E+0001
 2.02081012725830E+0001
 1.55313959121704E+0001
-2.29054698944092E+0001
 2.02081012725830E+0001
 9.53139591217041E+0000
-2.81149139404297E+0001
 1.11850767135620E+0001
 1.55313959121704E+0001
-2.29054698944092E+0001
 2.02081012725830E+0001
 1.55313959121704E+0001
-2.29054698944092E+0001
 2.02081012725830E+0001
 9.53139591217041E+0000
-2.81149139404297E+0001
 1.11850767135620E+0001
 9.53139591217041E+0000
-2.81149139404297E+0001
 1.11850767135620E+0001
 1.55313959121704E+0001
-2.81149139404297E+0001
 1.11850767135620E+0001
 9.53139591217041E+0000
-2.99241333007813E+0001
 9.24471020698547E-0001
 1.55313959121704E+0001
-2.81149139404297E+0001
 1.11850767135620E+0001
 1.55313959121704E+0001
-2.81149139404297E+0001
 1.11850767135620E+0001
 9.53139591217041E+0000
-2.99241333007813E+0001
 9.24471020698547E-0001
 9.53139591217041E+0000
-2.99241333007813E+0001
 9.24471020698547E-0001
 1.55313959121704E+0001
-2.99241333007813E+0001
 9.24471020698547E-0001
 9.53139591217041E+0000
-2.81149101257324E+0001
-9.33613300323486E+0000
 1.55313959121704E+0001
-2.99241333007813E+0001
 9.24471020698547E-0001
 1.55313959121704E+0001
-2.99241333007813E+0001
 9.24471020698547E-0001
 9.53139591217041E+0000
-2.81149101257324E+0001
-9.33613300323486E+0000
 9.53139591217041E+0000
-2.81149101257324E+0001
-9.33613300323486E+0000
 1.55313959121704E+0001
-2.81149101257324E+0001
-9.33613300323486E+0000
 9.53139591217041E+0000
-2.29054622650146E+0001
-1.83591575622559E+0001
 1.55313959121704E+0001
-2.81149101257324E+0001
-9.33613300323486E+0000
 1.55313959121704E+0001
-2.81149101257324E+0001
-9.33613300323486E+0000
 9.53139591217041E+0000
-2.29054622650146E+0001
-1.83591575622559E+0001
 9.53139591217041E+0000
-2.29054622650146E+0001
-1.83591575622559E+0001
 1.55313959121704E+0001
-2.29054622650146E+0001
-1.83591575622559E+0001
 9.53139591217041E+0000
-1.49241275787353E+0001
-2.50562896728516E+0001
 1.55313959121704E+0001
-2.29054622650146E+0001
-1.83591575622559E+0001
 1.55313959121704E+0001
-2.29054622650146E+0001
-1.83591575622559E+0001
 9.53139591217041E+0000
-1.49241275787353E+0001
-2.50562896728516E+0001
 9.53139591217041E+0000
-1.49241275787353E+0001
-2.50562896728516E+0001
 1.55313959121704E+0001
-1.49241275787353E+0001
-2.50562896728516E+0001
 9.53139591217041E+0000
-5.13357114791870E+0000
-2.86197566986084E+0001
 1.55313959121704E+0001
-1.49241275787353E+0001
-2.50562896728516E+0001
 1.55313959121704E+0001
-1.49241275787353E+0001
-2.50562896728516E+0001
 9.53139591217041E+0000
-5.13357114791870E+0000
-2.86197566986084E+0001
 9.53139591217041E+0000
-5.13357114791870E+0000
-2.86197566986084E+0001
 1.55313959121704E+0001
-5.13357114791870E+0000
-2.86197566986084E+0001
 9.53139591217041E+0000
 5.28531980514526E+0000
-2.86197547912598E+0001
 1.55313959121704E+0001
-5.13357114791870E+0000
-2.86197566986084E+0001
 1.55313959121704E+0001
-5.13357114791870E+0000
-2.86197566986084E+0001
 9.53139591217041E+0000
 5.28531980514526E+0000
-2.86197547912598E+0001
 9.53139591217041E+0000
 5.28531980514526E+0000
-2.86197547912598E+0001
 1.55313959121704E+0001
 5.28531980514526E+0000
-2.86197547912598E+0001
 9.53139591217041E+0000
 1.50758743286132E+0001
-2.50562801361084E+0001
 1.55313959121704E+0001
 5.28531980514526E+0000
-2.86197547912598E+0001
 1.55313959121704E+0001
 5.28531980514526E+0000
-2.86197547912598E+0001
 9.53139591217041E+0000
 1.50758743286132E+0001
-2.50562801361084E+0001
 9.53139591217041E+0000
 1.50758743286132E+0001
-2.50562801361084E+0001
 1.55313959121704E+0001
 1.50758743286132E+0001
-2.50562801361084E+0001
 9.53139591217041E+0000
 2.30572052001953E+0001
-1.83591442108154E+0001
 1.55313959121704E+0001
 1.50758743286132E+0001
-2.50562801361084E+0001
 1.55313959121704E+0001
 1.50758743286132E+0001
-2.50562801361084E+0001
 9.53139591217041E+0000
 2.30572052001953E+0001
-1.83591442108154E+0001
 9.53139591217041E+0000
 2.30572052001953E+0001
-1.83591442108154E+0001
 1.55313959121704E+0001
 2.30572052001953E+0001
-1.83591442108154E+0001
 9.53139591217041E+0000
 2.82666492462158E+0001
-9.33611869812012E+0000
 1.55313959121704E+0001
 2.30572052001953E+0001
-1.83591442108154E+0001
 1.55313959121704E+0001
 2.30572052001953E+0001
-1.83591442108154E+0001
 9.53139591217041E+0000
 2.82666492462158E+0001
-9.33611869812012E+0000
 9.53139591217041E+0000
 2.82666492462158E+0001
-9.33611869812012E+0000
 1.55313959121704E+0001
 2.82666492462158E+0001
-9.33611869812012E+0000
 9.53139591217041E+0000
 3.00758666992188E+0001
 9.24476981163025E-0001
 1.55313959121704E+0001
 2.82666492462158E+0001
-9.33611869812012E+0000
 1.55313959121704E+0001
 2.82666492462158E+0001
-9.33611869812012E+0000
 9.53139591217041E+0000
 3.00758666992188E+0001
 9.24476981163025E-0001
 9.53139591217041E+0000
 3.00758666992188E+0001
 9.24476981163025E-0001
 1.55313959121704E+0001
 7.58669972419739E-0002
 9.24476981163025E-0001
 1.55313959121704E+0001
 3.00758666992188E+0001
 9.24476981163025E-0001
 1.55313959121704E+0001
 2.82666454315186E+0001
 1.11850805282592E+0001
 1.55313959121704E+0001
 7.58669972419739E-0002
 9.24476981163025E-0001
 1.55313959121704E+0001
 2.82666454315186E+0001
 1.11850805282592E+0001
 1.55313959121704E+0001
 2.30571994781494E+0001
 2.02081050872803E+0001
 1.55313959121704E+0001
 7.58669972419739E-0002
 9.24476981163025E-0001
 1.55313959121704E+0001
 2.30571994781494E+0001
 2.02081050872803E+0001
 1.55313959121704E+0001
 1.50758647918701E+0001
 2.69052391052246E+0001
 1.55313959121704E+0001
 7.58669972419739E-0002
 9.24476981163025E-0001
 1.55313959121704E+0001
 1.50758647918701E+0001
 2.69052391052246E+0001
 1.55313959121704E+0001
 5.28530979156494E+0000
 3.04687099456787E+0001
 1.55313959121704E+0001
 7.58669972419739E-0002
 9.24476981163025E-0001
 1.55313959121704E+0001
 5.28530979156494E+0000
 3.04687099456787E+0001
 1.55313959121704E+0001
-5.13358211517334E+0000
 3.04687080383301E+0001
 1.55313959121704E+0001
 7.58669972419739E-0002
 9.24476981163025E-0001
 1.55313959121704E+0001
-5.13358211517334E+0000
 3.04687080383301E+0001
 1.55313959121704E+0001
-1.49241361618042E+0001
 2.69052371978760E+0001
 1.55313959121704E+0001
 7.58669972419739E-0002
 9.24476981163025E-0001
 1.55313959121704E+0001
-1.49241361618042E+0001
 2.69052371978760E+0001
 1.55313959121704E+0001
-2.29054698944092E+0001
 2.02081012725830E+0001
 1.55313959121704E+0001
 7.58669972419739E-0002
 9.24476981163025E-0001
 1.55313959121704E+0001
-2.29054698944092E+0001
 2.02081012725830E+0001
 1.55313959121704E+0001
-2.81149139404297E+0001
 1.11850767135620E+0001
 1.55313959121704E+0001
 7.58669972419739E-0002
 9.24476981163025E-0001
 1.55313959121704E+0001
-2.81149139404297E+0001
 1.11850767135620E+0001
 1.55313959121704E+0001
-2.99241333007813E+0001
 9.24471020698547E-0001
 1.55313959121704E+0001
 7.58669972419739E-0002
 9.24476981163025E-0001
 1.55313959121704E+0001
-2.99241333007813E+0001
 9.24471020698547E-0001
 1.55313959121704E+0001
-2.81149101257324E+0001
-9.33613300323486E+0000
 1.55313959121704E+0001
 7.58669972419739E-0002
 9.24476981163025E-0001
 1.55313959121704E+0001
-2.81149101257324E+0001
-9.33613300323486E+0000
 1.55313959121704E+0001
-2.29054622650146E+0001
-1.83591575622559E+0001
 1.55313959121704E+0001
 7.58669972419739E-0002
 9.24476981163025E-0001
 1.55313959121704E+0001
-2.29054622650146E+0001
-1.83591575622559E+0001
 1.55313959121704E+0001
-1.49241275787353E+0001
-2.50562896728516E+0001
 1.55313959121704E+0001
 7.58669972419739E-0002
 9.24476981163025E-0001
 1.55313959121704E+0001
-1.49241275787353E+0001
-2.50562896728516E+0001
 1.55313959121704E+0001
-5.13357114791870E+0000
-2.86197566986084E+0001
 1.55313959121704E+0001
 7.58669972419739E-0002
 9.24476981163025E-0001
 1.55313959121704E+0001
-5.13357114791870E+0000
-2.86197566986084E+0001
 1.55313959121704E+0001
 5.28531980514526E+0000
-2.86197547912598E+0001
 1.55313959121704E+0001
 7.58669972419739E-0002
 9.24476981163025E-0001
 1.55313959121704E+0001
 5.28531980514526E+0000
-2.86197547912598E+0001
 1.55313959121704E+0001
 1.50758743286132E+0001
-2.50562801361084E+0001
 1.55313959121704E+0001
 7.58669972419739E-0002
 9.24476981163025E-0001
 1.55313959121704E+0001
 1.50758743286132E+0001
-2.50562801361084E+0001
 1.55313959121704E+0001
 2.30572052001953E+0001
-1.83591442108154E+0001
 1.55313959121704E+0001
 7.58669972419739E-0002
 9.24476981163025E-0001
 1.55313959121704E+0001
 2.30572052001953E+0001
-1.83591442108154E+0001
 1.55313959121704E+0001
 2.82666492462158E+0001
-9.33611869812012E+0000
 1.55313959121704E+0001
 7.58669972419739E-0002
 9.24476981163025E-0001
 1.55313959121704E+0001
 2.82666492462158E+0001
-9.33611869812012E+0000
 1.55313959121704E+0001
 3.00758666992188E+0001
 9.24476981163025E-0001
 1.55313959121704E+0001