 2.12670364379883E+0001
-7.65048027038574E-0001
 1.74833965301514E+0001
 1.51770362854003E+0001
-1.56750478744506E+0001
 1.74833965301514E+0001
 1.52103176116943E+0001
-1.57083292007446E+0001
 1.89599590301514E+0001
 1.52103176116943E+0001
-1.57083292007446E+0001
 1.89599590301514E+0001
 2.13139114379883E+0001
-7.65048027038574E-0001
 1.89599590301514E+0001
 2.12670364379883E+0001
-7.65048027038574E-0001
 1.74833965301514E+0001
 2.13139114379883E+0001
-7.65048027038574E-0001
 1.89599590301514E+0001
 1.52103176116943E+0001
-1.57083292007446E+0001
 1.89599590301514E+0001
 1.62420349121094E+0001
-1.67400474548340E+0001
 1.74833965301514E+0001
 1.62420349121094E+0001
-1.67400474548340E+0001
 1.74833965301514E+0001
 2.27670364379883E+0001
-7.65048027038574E-0001
 1.74833965301514E+0001
 2.13139114379883E+0001
-7.65048027038574E-0001
 1.89599590301514E+0001
 1.51770362854003E+0001
-1.56750478744506E+0001
 1.74833965301514E+0001
 2.67035990953445E-0001
-2.17650470733643E+0001
 1.74833965301514E+0001
 2.67035990953445E-0001
-2.18119220733643E+0001
 1.89599590301514E+0001
 2.67035990953445E-0001
-2.18119220733643E+0001
 1.89599590301514E+0001
 1.52103176116943E+0001
-1.57083292007446E+0001
 1.89599590301514E+0001
 1.51770362854003E+0001
-1.56750478744506E+0001
 1.74833965301514E+0001
 1.52103176116943E+0001
-1.57083292007446E+0001
 1.89599590301514E+0001
 2.67035990953445E-0001
-2.18119220733643E+0001
 1.89599590301514E+0001
 2.67035990953445E-0001
-2.32650470733643E+0001
 1.74833965301514E+0001
 2.67035990953445E-0001
-2.32650470733643E+0001
 1.74833965301514E+0001
 1.62420349121094E+0001
-1.67400474548340E+0001
 1.74833965301514E+0001
 1.52103176116943E+0001
-1.57083292007446E+0001
 1.89599590301514E+0001
 2.67035990953445E-0001
-2.17650470733643E+0001
 1.74833965301514E+0001
-1.51492137908935E+0001
-1.56750478744506E+0001
 1.74833965301514E+0001
-1.47395257949829E+0001
-1.57083292007446E+0001
 1.89599590301514E+0001
-1.47395257949829E+0001
-1.57083292007446E+0001
 1.89599590301514E+0001
 2.67035990953445E-0001
-2.18119220733643E+0001
 1.89599590301514E+0001
 2.67035990953445E-0001
-2.17650470733643E+0001
 1.74833965301514E+0001
 2.67035990953445E-0001
-2.18119220733643E+0001
 1.89599590301514E+0001
-1.47395257949829E+0001
-1.57083292007446E+0001
 1.89599590301514E+0001
-1.57079629898071E+0001
-1.67400474548340E+0001
 1.74833965301514E+0001
-1.57079629898071E+0001
-1.67400474548340E+0001
 1.74833965301514E+0001
 2.67035990953445E-0001
-2.32650470733643E+0001
 1.74833965301514E+0001
 2.67035990953445E-0001
-2.18119220733643E+0001
 1.89599590301514E+0001
-1.51492137908935E+0001
-1.56750478744506E+0001
 1.74833965301514E+0001
-2.07329635620117E+0001
-7.65048027038574E-0001
 1.74833965301514E+0001
-2.07798385620117E+0001
-7.65048027038574E-0001
 1.89599590301514E+0001
-2.07798385620117E+0001
-7.65048027038574E-0001
 1.89599590301514E+0001
-1.47395257949829E+0001
-1.57083292007446E+0001
 1.89599590301514E+0001
-1.51492137908935E+0001
-1.56750478744506E+0001
 1.74833965301514E+0001
-1.47395257949829E+0001
-1.57083292007446E+0001
 1.89599590301514E+0001
-2.07798385620117E+0001
-7.65048027038574E-0001
 1.89599590301514E+0001
-2.22329635620117E+0001
-7.65048027038574E-0001
 1.74833965301514E+0001
-2.22329635620117E+0001
-7.65048027038574E-0001
 1.74833965301514E+0001
-1.57079629898071E+0001
-1.67400474548340E+0001
 1.74833965301514E+0001
-1.47395257949829E+0001
-1.57083292007446E+0001
 1.89599590301514E+0001
-2.07329635620117E+0001
-7.65048027038574E-0001
 1.74833965301514E+0001
-1.46429634094238E+0001
 1.41449518203735E+0001
 1.74833965301514E+0001
-1.46762447357177E+0001
 1.41782331466674E+0001
 1.89599590301514E+0001
-1.46762447357177E+0001
 1.41782331466674E+0001
 1.89599590301514E+0001
-2.07798385620117E+0001
-7.65048027038574E-0001
 1.89599590301514E+0001
-2.07329635620117E+0001
-7.65048027038574E-0001
 1.74833965301514E+0001
-2.07798385620117E+0001
-7.65048027038574E-0001
 1.89599590301514E+0001
-1.46762447357177E+0001
 1.41782331466674E+0001
 1.89599590301514E+0001
-1.57079629898071E+0001
 1.52099514007568E+0001
 1.74833965301514E+0001
-1.57079629898071E+0001
 1.52099514007568E+0001
 1.74833965301514E+0001
-2.22329635620117E+0001
-7.65048027038574E-0001
 1.74833965301514E+0001
-2.07798385620117E+0001
-7.65048027038574E-0001
 1.89599590301514E+0001
-1.46429634094238E+0001
 1.41449518203735E+0001
 1.74833965301514E+0001
 2.67035990953445E-0001
 2.02349529266357E+0001
 1.74833965301514E+0001
 2.67035990953445E-0001
 2.02818279266357E+0001
 1.89599590301514E+0001
 2.67035990953445E-0001
 2.02818279266357E+0001
 1.89599590301514E+0001
-1.46762447357177E+0001
 1.41782331466674E+0001
 1.89599590301514E+0001
-1.46429634094238E+0001
 1.41449518203735E+0001
 1.74833965301514E+0001
-1.46762447357177E+0001
 1.41782331466674E+0001
 1.89599590301514E+0001
 2.67035990953445E-0001
 2.02818279266357E+0001
 1.89599590301514E+0001
 2.67035990953445E-0001
 2.17349529266357E+0001
 1.74833965301514E+0001
 2.67035990953445E-0001
 2.17349529266357E+0001
 1.74833965301514E+0001
-1.57079629898071E+0001
 1.52099514007568E+0001
 1.74833965301514E+0001
-1.46762447357177E+0001
 1.41782331466674E+0001
 1.89599590301514E+0001
 2.67035990953445E-0001
 2.02349529266357E+0001
 1.74833965301514E+0001
 1.51770362854003E+0001
 1.41449518203735E+0001
 1.74833965301514E+0001
 1.52103176116943E+0001
 1.41782331466674E+0001
 1.89599590301514E+0001
 1.52103176116943E+0001
 1.41782331466674E+0001
 1.89599590301514E+0001
 2.67035990953445E-0001
 2.02818279266357E+0001
 1.89599590301514E+0001
 2.67035990953445E-0001
 2.02349529266357E+0001
 1.74833965301514E+0001
 2.67035990953445E-0001
 2.02818279266357E+0001
 1.89599590301514E+0001
 1.52103176116943E+0001
 1.41782331466674E+0001
 1.89599590301514E+0001
 1.62420349121094E+0001
 1.52099514007568E+0001
 1.74833965301514E+0001
 1.62420349121094E+0001
 1.52099514007568E+0001
 1.74833965301514E+0001
 2.67035990953445E-0001
 2.17349529266357E+0001
 1.74833965301514E+0001
 2.67035990953445E-0001
 2.02818279266357E+0001
 1.89599590301514E+0001
 1.51770362854003E+0001
 1.41449518203735E+0001
 1.74833965301514E+0001
 2.12670364379883E+0001
-7.65048027038574E-0001
 1.74833965301514E+0001
 2.13139114379883E+0001
-7.65048027038574E-0001
 1.89599590301514E+0001
 2.13139114379883E+0001
-7.65048027038574E-0001
 1.89599590301514E+0001
 1.52103176116943E+0001
 1.41782331466674E+0001
 1.89599590301514E+0001
 1.51770362854003E+0001
 1.41449518203735E+0001
 1.74833965301514E+0001
 1.52103176116943E+0001
 1.41782331466674E+0001
 1.89599590301514E+0001
 2.13139114379883E+0001
-7.65048027038574E-0001
 1.89599590301514E+0001
 2.27670364379883E+0001
-7.65048027038574E-0001
 1.74833965301514E+0001
 2.27670364379883E+0001
-7.65048027038574E-0001
 1.74833965301514E+0001
 1.62420349121094E+0001
 1.52099514007568E+0001
 1.74833965301514E+0001
 1.52103176116943E+0001
 1.41782331466674E+0001
 1.89599590301514E+0001
 2.27670364379883E+0001
-7.65048027038574E-0001
 1.74833965301514E+0001
 1.62420349121094E+0001
-1.67400474548340E+0001
 1.74833965301514E+0001
 1.99029731750488E+0001
-2.04009838104248E+0001
 5.81152200698853E+0000
 1.99029731750488E+0001
-2.04009838104248E+0001
 5.81152200698853E+0000
 2.79232864379883E+0001
-7.65048027038574E-0001
 5.81152200698853E+0000
 2.27670364379883E+0001
-7.65048027038574E-0001
 1.74833965301514E+0001
 2.79232864379883E+0001
-7.65048027038574E-0001
 5.81152200698853E+0000
 1.99029731750488E+0001
-2.04009838104248E+0001
 5.81152200698853E+0000
 2.15670356750488E+0001
-2.20650463104248E+0001
-5.01660299301147E+0000
 2.15670356750488E+0001
-2.20650463104248E+0001
-5.01660299301147E+0000
 3.02670364379883E+0001
-7.65048027038574E-0001
-5.01660299301147E+0000
 2.79232864379883E+0001
-7.65048027038574E-0001
 5.81152200698853E+0000
 1.62420349121094E+0001
-1.67400474548340E+0001
 1.74833965301514E+0001
 2.67035990953445E-0001
-2.32650470733643E+0001
 1.74833965301514E+0001
 2.67035990953445E-0001
-2.84212970733643E+0001
 5.81152200698853E+0000
 2.67035990953445E-0001
-2.84212970733643E+0001
 5.81152200698853E+0000
 1.99029731750488E+0001
-2.04009838104248E+0001
 5.81152200698853E+0000
 1.62420349121094E+0001
-1.67400474548340E+0001
 1.74833965301514E+0001
 1.99029731750488E+0001
-2.04009838104248E+0001
 5.81152200698853E+0000
 2.67035990953445E-0001
-2.84212970733643E+0001
 5.81152200698853E+0000
 2.67035990953445E-0001
-3.07650470733643E+0001
-5.01660299301147E+0000
 2.67035990953445E-0001
-3.07650470733643E+0001
-5.01660299301147E+0000
 2.15670356750488E+0001
-2.20650463104248E+0001
-5.01660299301147E+0000
 1.99029731750488E+0001
-2.04009838104248E+0001
 5.81152200698853E+0000
 2.67035990953445E-0001
-2.32650470733643E+0001
 1.74833965301514E+0001
-1.57079629898071E+0001
-1.67400474548340E+0001
 1.74833965301514E+0001
-1.93689002990723E+0001
-2.04009838104248E+0001
 5.81152200698853E+0000
-1.93689002990723E+0001
-2.04009838104248E+0001
 5.81152200698853E+0000
 2.67035990953445E-0001
-2.84212970733643E+0001
 5.81152200698853E+0000
 2.67035990953445E-0001
-2.32650470733643E+0001
 1.74833965301514E+0001
 2.67035990953445E-0001
-2.84212970733643E+0001
 5.81152200698853E+0000
-1.93689002990723E+0001
-2.04009838104248E+0001
 5.81152200698853E+0000
-2.10329627990723E+0001
-2.20650463104248E+0001
-5.01660299301147E+0000
-2.10329627990723E+0001
-2.20650463104248E+0001
-5.01660299301147E+0000
 2.67035990953445E-0001
-3.07650470733643E+0001
-5.01660299301147E+0000
 2.67035990953445E-0001
-2.84212970733643E+0001
 5.81152200698853E+0000
-1.57079629898071E+0001
-1.67400474548340E+0001
 1.74833965301514E+0001
-2.22329635620117E+0001
-7.65048027038574E-0001
 1.74833965301514E+0001
-2.73892135620117E+0001
-7.65048027038574E-0001
 5.81152200698853E+0000
-2.73892135620117E+0001
-7.65048027038574E-0001
 5.81152200698853E+0000
-1.93689002990723E+0001
-2.04009838104248E+0001
 5.81152200698853E+0000
-1.57079629898071E+0001
-1.67400474548340E+0001
 1.74833965301514E+0001
-1.93689002990723E+0001
-2.04009838104248E+0001
 5.81152200698853E+0000
-2.73892135620117E+0001
-7.65048027038574E-0001
 5.81152200698853E+0000
-2.97329635620117E+0001
-7.65048027038574E-0001
-5.01660299301147E+0000
-2.97329635620117E+0001
-7.65048027038574E-0001
-5.01660299301147E+0000
-2.10329627990723E+0001
-2.20650463104248E+0001
-5.01660299301147E+0000
-1.93689002990723E+0001
-2.04009838104248E+0001
 5.81152200698853E+0000
-2.22329635620117E+0001
-7.65048027038574E-0001
 1.74833965301514E+0001
-1.57079629898071E+0001
 1.52099514007568E+0001
 1.74833965301514E+0001
-1.93689002990723E+0001
 1.88708896636963E+0001
 5.81152200698853E+0000
-1.93689002990723E+0001
 1.88708896636963E+0001
 5.81152200698853E+0000
-2.73892135620117E+0001
-7.65048027038574E-0001
 5.81152200698853E+0000
-2.22329635620117E+0001
-7.65048027038574E-0001
 1.74833965301514E+0001
-2.73892135620117E+0001
-7.65048027038574E-0001
 5.81152200698853E+0000
-1.93689002990723E+0001
 1.88708896636963E+0001
 5.81152200698853E+0000
-2.10329627990723E+0001
 2.05349521636963E+0001
-5.01660299301147E+0000
-2.10329627990723E+0001
 2.05349521636963E+0001
-5.01660299301147E+0000
-2.97329635620117E+0001
-7.65048027038574E-0001
-5.01660299301147E+0000
-2.73892135620117E+0001
-7.65048027038574E-0001
 5.81152200698853E+0000
-1.57079629898071E+0001
 1.52099514007568E+0001
 1.74833965301514E+0001
 2.67035990953445E-0001
 2.17349529266357E+0001
 1.74833965301514E+0001
 2.67035990953445E-0001
 2.68912029266357E+0001
 5.81152200698853E+0000
 2.67035990953445E-0001
 2.68912029266357E+0001
 5.81152200698853E+0000
-1.93689002990723E+0001
 1.88708896636963E+0001
 5.81152200698853E+0000
-1.57079629898071E+0001
 1.52099514007568E+0001
 1.74833965301514E+0001
-1.93689002990723E+0001
 1.88708896636963E+0001
 5.81152200698853E+0000
 2.67035990953445E-0001
 2.68912029266357E+0001
 5.81152200698853E+0000
 2.67035990953445E-0001
 2.92349529266357E+0001
-5.01660299301147E+0000
 2.67035990953445E-0001
 2.92349529266357E+0001
-5.01660299301147E+0000
-2.10329627990723E+0001
 2.05349521636963E+0001
-5.01660299301147E+0000
-1.93689002990723E+0001
 1.88708896636963E+0001
 5.81152200698853E+0000
 2.67035990953445E-0001
 2.17349529266357E+0001
 1.74833965301514E+0001
 1.62420349121094E+0001
 1.52099514007568E+0001
 1.74833965301514E+0001
 1.99029731750488E+0001
 1.88708896636963E+0001
 5.81152200698853E+0000
 1.99029731750488E+0001
 1.88708896636963E+0001
 5.81152200698853E+0000
 2.67035990953445E-0001
 2.68912029266357E+0001
 5.81152200698853E+0000
 2.67035990953445E-0001
 2.17349529266357E+0001
 1.74833965301514E+0001
 2.67035990953445E-0001
 2.68912029266357E+0001
 5.81152200698853E+0000
 1.99029731750488E+0001
 1.88708896636963E+0001
 5.81152200698853E+0000
 2.15670356750488E+0001
 2.05349521636963E+0001
-5.01660299301147E+0000
 2.15670356750488E+0001
 2.05349521636963E+0001
-5.01660299301147E+0000
 2.67035990953445E-0001
 2.92349529266357E+0001
-5.01660299301147E+0000
 2.67035990953445E-0001
 2.68912029266357E+0001
 5.81152200698853E+0000
 1.62420349121094E+0001
 1.52099514007568E+0001
 1.74833965301514E+0001
 2.27670364379883E+0001
-7.65048027038574E-0001
 1.74833965301514E+0001
 2.79232864379883E+0001
-7.65048027038574E-0001
 5.81152200698853E+0000
 2.79232864379883E+0001
-7.65048027038574E-0001
 5.81152200698853E+0000
 1.99029731750488E+0001
 1.88708896636963E+0001
 5.81152200698853E+0000
 1.62420349121094E+0001
 1.52099514007568E+0001
 1.74833965301514E+0001
 1.99029731750488E+0001
 1.88708896636963E+0001
 5.81152200698853E+0000
 2.79232864379883E+0001
-7.65048027038574E-0001
 5.81152200698853E+0000
 3.02670364379883E+0001
-7.65048027038574E-0001
-5.01660299301147E+0000
 3.02670364379883E+0001
-7.65048027038574E-0001
-5.01660299301147E+0000
 2.15670356750488E+0001
 2.05349521636963E+0001
-5.01660299301147E+0000
 1.99029731750488E+0001
 1.88708896636963E+0001
 5.81152200698853E+0000
 3.02670364379883E+0001
-7.65048027038574E-0001
-5.01660299301147E+0000
 2.15670356750488E+0001
-2.20650463104248E+0001
-5.01660299301147E+0000
 1.89045352935791E+0001
-1.94025459289551E+0001
-1.27509784698486E+0001
 1.89045352935791E+0001
-1.94025459289551E+0001
-1.27509784698486E+0001
 2.65170364379883E+0001
-7.65048027038574E-0001
-1.27509784698486E+0001
 3.02670364379883E+0001
-7.65048027038574E-0001
-5.01660299301147E+0000
 2.65170364379883E+0001
-7.65048027038574E-0001
-1.27509784698486E+0001
 1.89045352935791E+0001
-1.94025459289551E+0001
-1.27509784698486E+0001
 1.62420349121094E+0001
-1.67400474548340E+0001
-1.62666034698486E+0001
 1.62420349121094E+0001
-1.67400474548340E+0001
-1.62666034698486E+0001
 2.27670364379883E+0001
-7.65048027038574E-0001
-1.62666034698486E+0001
 2.65170364379883E+0001
-7.65048027038574E-0001
-1.27509784698486E+0001
 2.15670356750488E+0001
-2.20650463104248E+0001
-5.01660299301147E+0000
 2.67035990953445E-0001
-3.07650470733643E+0001
-5.01660299301147E+0000
 2.67035990953445E-0001
-2.70150470733643E+0001
-1.27509784698486E+0001
 2.67035990953445E-0001
-2.70150470733643E+0001
-1.27509784698486E+0001
 1.89045352935791E+0001
-1.94025459289551E+0001
-1.27509784698486E+0001
 2.15670356750488E+0001
-2.20650463104248E+0001
-5.01660299301147E+0000
 1.89045352935791E+0001
-1.94025459289551E+0001
-1.27509784698486E+0001
 2.67035990953445E-0001
-2.70150470733643E+0001
-1.27509784698486E+0001
 2.67035990953445E-0001
-2.32650470733643E+0001
-1.62666034698486E+0001
 2.67035990953445E-0001
-2.32650470733643E+0001
-1.62666034698486E+0001
 1.62420349121094E+0001
-1.67400474548340E+0001
-1.62666034698486E+0001
 1.89045352935791E+0001
-1.94025459289551E+0001
-1.27509784698486E+0001
 2.67035990953445E-0001
-3.07650470733643E+0001
-5.01660299301147E+0000
-2.10329627990723E+0001
-2.20650463104248E+0001
-5.01660299301147E+0000
-1.83704624176025E+0001
-1.94025459289551E+0001
-1.27509784698486E+0001
-1.83704624176025E+0001
-1.94025459289551E+0001
-1.27509784698486E+0001
 2.67035990953445E-0001
-2.70150470733643E+0001
-1.27509784698486E+0001
 2.67035990953445E-0001
-3.07650470733643E+0001
-5.01660299301147E+0000
 2.67035990953445E-0001
-2.70150470733643E+0001
-1.27509784698486E+0001
-1.83704624176025E+0001
-1.94025459289551E+0001
-1.27509784698486E+0001
-1.57079629898071E+0001
-1.67400474548340E+0001
-1.62666034698486E+0001
-1.57079629898071E+0001
-1.67400474548340E+0001
-1.62666034698486E+0001
 2.67035990953445E-0001
-2.32650470733643E+0001
-1.62666034698486E+0001
 2.67035990953445E-0001
-2.70150470733643E+0001
-1.27509784698486E+0001
-2.10329627990723E+0001
-2.20650463104248E+0001
-5.01660299301147E+0000
-2.97329635620117E+0001
-7.65048027038574E-0001
-5.01660299301147E+0000
-2.59829635620117E+0001
-7.65048027038574E-0001
-1.27509784698486E+0001
-2.59829635620117E+0001
-7.65048027038574E-0001
-1.27509784698486E+0001
-1.83704624176025E+0001
-1.94025459289551E+0001
-1.27509784698486E+0001
-2.10329627990723E+0001
-2.20650463104248E+0001
-5.01660299301147E+0000
-1.83704624176025E+0001
-1.94025459289551E+0001
-1.27509784698486E+0001
-2.59829635620117E+0001
-7.65048027038574E-0001
-1.27509784698486E+0001
-2.22329635620117E+0001
-7.65048027038574E-0001
-1.62666034698486E+0001
-2.22329635620117E+0001
-7.65048027038574E-0001
-1.62666034698486E+0001
-1.57079629898071E+0001
-1.67400474548340E+0001
-1.62666034698486E+0001
-1.83704624176025E+0001
-1.94025459289551E+0001
-1.27509784698486E+0001
-2.97329635620117E+0001
-7.65048027038574E-0001
-5.01660299301147E+0000
-2.10329627990723E+0001
 2.05349521636963E+0001
-5.01660299301147E+0000
-1.83704624176025E+0001
 1.78724517822266E+0001
-1.27509784698486E+0001
-1.83704624176025E+0001
 1.78724517822266E+0001
-1.27509784698486E+0001
-2.59829635620117E+0001
-7.65048027038574E-0001
-1.27509784698486E+0001
-2.97329635620117E+0001
-7.65048027038574E-0001
-5.01660299301147E+0000
-2.59829635620117E+0001
-7.65048027038574E-0001
-1.27509784698486E+0001
-1.83704624176025E+0001
 1.78724517822266E+0001
-1.27509784698486E+0001
-1.57079629898071E+0001
 1.52099514007568E+0001
-1.62666034698486E+0001
-1.57079629898071E+0001
 1.52099514007568E+0001
-1.62666034698486E+0001
-2.22329635620117E+0001
-7.65048027038574E-0001
-1.62666034698486E+0001
-2.59829635620117E+0001
-7.65048027038574E-0001
-1.27509784698486E+0001
-2.10329627990723E+0001
 2.05349521636963E+0001
-5.01660299301147E+0000
 2.67035990953445E-0001
 2.92349529266357E+0001
-5.01660299301147E+0000
 2.67035990953445E-0001
 2.54849529266357E+0001
-1.27509784698486E+0001
 2.67035990953445E-0001
 2.54849529266357E+0001
-1.27509784698486E+0001
-1.83704624176025E+0001
 1.78724517822266E+0001
-1.27509784698486E+0001
-2.10329627990723E+0001
 2.05349521636963E+0001
-5.01660299301147E+0000
-1.83704624176025E+0001
 1.78724517822266E+0001
-1.27509784698486E+0001
 2.67035990953445E-0001
 2.54849529266357E+0001
-1.27509784698486E+0001
 2.67035990953445E-0001
 2.17349529266357E+0001
-1.62666034698486E+0001
 2.67035990953445E-0001
 2.17349529266357E+0001
-1.62666034698486E+0001
-1.57079629898071E+0001
 1.52099514007568E+0001
-1.62666034698486E+0001
-1.83704624176025E+0001
 1.78724517822266E+0001
-1.27509784698486E+0001
 2.67035990953445E-0001
 2.92349529266357E+0001
-5.01660299301147E+0000
 2.15670356750488E+0001
 2.05349521636963E+0001
-5.01660299301147E+0000
 1.89045352935791E+0001
 1.78724517822266E+0001
-1.27509784698486E+0001
 1.89045352935791E+0001
 1.78724517822266E+0001
-1.27509784698486E+0001
 2.67035990953445E-0001
 2.54849529266357E+0001
-1.27509784698486E+0001
 2.67035990953445E-0001
 2.92349529266357E+0001
-5.01660299301147E+0000
 2.67035990953445E-0001
 2.54849529266357E+0001
-1.27509784698486E+0001
 1.89045352935791E+0001
 1.78724517822266E+0001
-1.27509784698486E+0001
 1.62420349121094E+0001
 1.52099514007568E+0001
-1.62666034698486E+0001
 1.62420349121094E+0001
 1.52099514007568E+0001
-1.62666034698486E+0001
 2.67035990953445E-0001
 2.17349529266357E+0001
-1.62666034698486E+0001
 2.67035990953445E-0001
 2.54849529266357E+0001
-1.27509784698486E+0001
 2.15670356750488E+0001
 2.05349521636963E+0001
-5.01660299301147E+0000
 3.02670364379883E+0001
-7.65048027038574E-0001
-5.01660299301147E+0000
 2.65170364379883E+0001
-7.65048027038574E-0001
-1.27509784698486E+0001
 2.65170364379883E+0001
-7.65048027038574E-0001
-1.27509784698486E+0001
 1.89045352935791E+0001
 1.78724517822266E+0001
-1.27509784698486E+0001
 2.15670356750488E+0001
 2.05349521636963E+0001
-5.01660299301147E+0000
 1.89045352935791E+0001
 1.78724517822266E+0001
-1.27509784698486E+0001
 2.65170364379883E+0001
-7.65048027038574E-0001
-1.27509784698486E+0001
 2.27670364379883E+0001
-7.65048027038574E-0001
-1.62666034698486E+0001
 2.27670364379883E+0001
-7.65048027038574E-0001
-1.62666034698486E+0001
 1.62420349121094E+0001
 1.52099514007568E+0001
-1.62666034698486E+0001
 1.89045352935791E+0001
 1.78724517822266E+0001
-1.27509784698486E+0001
 2.27670364379883E+0001
-7.65048027038574E-0001
-1.62666034698486E+0001
 1.62420349121094E+0001
-1.67400474548340E+0001
-1.62666034698486E+0001
 1.39456300735473E+0001
-1.44436416625976E+0001
-1.78134784698486E+0001
 1.39456300735473E+0001
-1.44436416625976E+0001
-1.78134784698486E+0001
 1.95326614379883E+0001
-7.65048027038574E-0001
-1.78134784698486E+0001
 2.27670364379883E+0001
-7.65048027038574E-0001
-1.62666034698486E+0001
 1.95326614379883E+0001
-7.65048027038574E-0001
-1.78134784698486E+0001
 1.39456300735473E+0001
-1.44436416625976E+0001
-1.78134784698486E+0001
 2.67035990953445E-0001
-7.65048027038574E-0001
-1.85166034698486E+0001
 2.67035990953445E-0001
-7.65048027038574E-0001
-1.85166034698486E+0001
 2.67035990953445E-0001
-7.65048027038574E-0001
-1.85166034698486E+0001
 1.95326614379883E+0001
-7.65048027038574E-0001
-1.78134784698486E+0001
 1.62420349121094E+0001
-1.67400474548340E+0001
-1.62666034698486E+0001
 2.67035990953445E-0001
-2.32650470733643E+0001
-1.62666034698486E+0001
 2.67035990953445E-0001
-2.00306720733643E+0001
-1.78134784698486E+0001
 2.67035990953445E-0001
-2.00306720733643E+0001
-1.78134784698486E+0001
 1.39456300735473E+0001
-1.44436416625976E+0001
-1.78134784698486E+0001
 1.62420349121094E+0001
-1.67400474548340E+0001
-1.62666034698486E+0001
 1.39456300735473E+0001
-1.44436416625976E+0001
-1.78134784698486E+0001
 2.67035990953445E-0001
-2.00306720733643E+0001
-1.78134784698486E+0001
 2.67035990953445E-0001
-7.65048027038574E-0001
-1.85166034698486E+0001
 2.67035990953445E-0001
-7.65048027038574E-0001
-1.85166034698486E+0001
 2.67035990953445E-0001
-7.65048027038574E-0001
-1.85166034698486E+0001
 1.39456300735473E+0001
-1.44436416625976E+0001
-1.78134784698486E+0001
 2.67035990953445E-0001
-2.32650470733643E+0001
-1.62666034698486E+0001
-1.57079629898071E+0001
-1.67400474548340E+0001
-1.62666034698486E+0001
-1.34115571975708E+0001
-1.44436416625976E+0001
-1.78134784698486E+0001
-1.34115571975708E+0001
-1.44436416625976E+0001
-1.78134784698486E+0001
 2.67035990953445E-0001
-2.00306720733643E+0001
-1.78134784698486E+0001
 2.67035990953445E-0001
-2.32650470733643E+0001
-1.62666034698486E+0001
 2.67035990953445E-0001
-2.00306720733643E+0001
-1.78134784698486E+0001
-1.34115571975708E+0001
-1.44436416625976E+0001
-1.78134784698486E+0001
 2.67035990953445E-0001
-7.65048027038574E-0001
-1.85166034698486E+0001
 2.67035990953445E-0001
-7.65048027038574E-0001
-1.85166034698486E+0001
 2.67035990953445E-0001
-7.65048027038574E-0001
-1.85166034698486E+0001
 2.67035990953445E-0001
-2.00306720733643E+0001
-1.78134784698486E+0001
-1.57079629898071E+0001
-1.67400474548340E+0001
-1.62666034698486E+0001
-2.22329635620117E+0001
-7.65048027038574E-0001
-1.62666034698486E+0001
-1.89985885620117E+0001
-7.65048027038574E-0001
-1.78134784698486E+0001
-1.89985885620117E+0001
-7.65048027038574E-0001
-1.78134784698486E+0001
-1.34115571975708E+0001
-1.44436416625976E+0001
-1.78134784698486E+0001
-1.57079629898071E+0001
-1.67400474548340E+0001
-1.62666034698486E+0001
-1.34115571975708E+0001
-1.44436416625976E+0001
-1.78134784698486E+0001
-1.89985885620117E+0001
-7.65048027038574E-0001
-1.78134784698486E+0001
 2.67035990953445E-0001
-7.65048027038574E-0001
-1.85166034698486E+0001
 2.67035990953445E-0001
-7.65048027038574E-0001
-1.85166034698486E+0001
 2.67035990953445E-0001
-7.65048027038574E-0001
-1.85166034698486E+0001
-1.34115571975708E+0001
-1.44436416625976E+0001
-1.78134784698486E+0001
-2.22329635620117E+0001
-7.65048027038574E-0001
-1.62666034698486E+0001
-1.57079629898071E+0001
 1.52099514007568E+0001
-1.62666034698486E+0001
-1.34115571975708E+0001
 1.29135456085205E+0001
-1.78134784698486E+0001
-1.34115571975708E+0001
 1.29135456085205E+0001
-1.78134784698486E+0001
-1.89985885620117E+0001
-7.65048027038574E-0001
-1.78134784698486E+0001
-2.22329635620117E+0001
-7.65048027038574E-0001
-1.62666034698486E+0001
-1.89985885620117E+0001
-7.65048027038574E-0001
-1.78134784698486E+0001
-1.34115571975708E+0001
 1.29135456085205E+0001
-1.78134784698486E+0001
 2.67035990953445E-0001
-7.65048027038574E-0001
-1.85166034698486E+0001
 2.67035990953445E-0001
-7.65048027038574E-0001
-1.85166034698486E+0001
 2.67035990953445E-0001
-7.65048027038574E-0001
-1.85166034698486E+0001
-1.89985885620117E+0001
-7.65048027038574E-0001
-1.78134784698486E+0001
-1.57079629898071E+0001
 1.52099514007568E+0001
-1.62666034698486E+0001
 2.67035990953445E-0001
 2.17349529266357E+0001
-1.62666034698486E+0001
 2.67035990953445E-0001
 1.85005779266357E+0001
-1.78134784698486E+0001
 2.67035990953445E-0001
 1.85005779266357E+0001
-1.78134784698486E+0001
-1.34115571975708E+0001
 1.29135456085205E+0001
-1.78134784698486E+0001
-1.57079629898071E+0001
 1.52099514007568E+0001
-1.62666034698486E+0001
-1.34115571975708E+0001
 1.29135456085205E+0001
-1.78134784698486E+0001
 2.67035990953445E-0001
 1.85005779266357E+0001
-1.78134784698486E+0001
 2.67035990953445E-0001
-7.65048027038574E-0001
-1.85166034698486E+0001
 2.67035990953445E-0001
-7.65048027038574E-0001
-1.85166034698486E+0001
 2.67035990953445E-0001
-7.65048027038574E-0001
-1.85166034698486E+0001
-1.34115571975708E+0001
 1.29135456085205E+0001
-1.78134784698486E+0001
 2.67035990953445E-0001
 2.17349529266357E+0001
-1.62666034698486E+0001
 1.62420349121094E+0001
 1.52099514007568E+0001
-1.62666034698486E+0001
 1.39456300735473E+0001
 1.29135456085205E+0001
-1.78134784698486E+0001
 1.39456300735473E+0001
 1.29135456085205E+0001
-1.78134784698486E+0001
 2.67035990953445E-0001
 1.85005779266357E+0001
-1.78134784698486E+0001
 2.67035990953445E-0001
 2.17349529266357E+0001
-1.62666034698486E+0001
 2.67035990953445E-0001
 1.85005779266357E+0001
-1.78134784698486E+0001
 1.39456300735473E+0001
 1.29135456085205E+0001
-1.78134784698486E+0001
 2.67035990953445E-0001
-7.65048027038574E-0001
-1.85166034698486E+0001
 2.67035990953445E-0001
-7.65048027038574E-0001
-1.85166034698486E+0001
 2.67035990953445E-0001
-7.65048027038574E-0001
-1.85166034698486E+0001
 2.67035990953445E-0001
 1.85005779266357E+0001
-1.78134784698486E+0001
 1.62420349121094E+0001
 1.52099514007568E+0001
-1.62666034698486E+0001
 2.27670364379883E+0001
-7.65048027038574E-0001
-1.62666034698486E+0001
 1.95326614379883E+0001
-7.65048027038574E-0001
-1.78134784698486E+0001
 1.95326614379883E+0001
-7.65048027038574E-0001
-1.78134784698486E+0001
 1.39456300735473E+0001
 1.29135456085205E+0001
-1.78134784698486E+0001
 1.62420349121094E+0001
 1.52099514007568E+0001
-1.62666034698486E+0001
 1.39456300735473E+0001
 1.29135456085205E+0001
-1.78134784698486E+0001
 1.95326614379883E+0001
-7.65048027038574E-0001
-1.78134784698486E+0001
 2.67035990953445E-0001
-7.65048027038574E-0001
-1.85166034698486E+0001
 2.67035990953445E-0001
-7.65048027038574E-0001
-1.85166034698486E+0001
 2.67035990953445E-0001
-7.65048027038574E-0001
-1.85166034698486E+0001
 1.39456300735473E+0001
 1.29135456085205E+0001
-1.78134784698486E+0001
-2.37329635620117E+0001
-7.65048027038574E-0001
 1.18583984375000E+0001
-2.29829635620117E+0001
-4.14004802703857E+0000
 1.35458965301513E+0001
-3.75142135620117E+0001
-4.14004802703857E+0000
 1.29130859375000E+0001
-3.75142135620117E+0001
-4.14004802703857E+0000
 1.29130859375000E+0001
-3.59204635620117E+0001
-7.65048027038574E-0001
 1.14365215301513E+0001
-2.37329635620117E+0001
-7.65048027038574E-0001
 1.18583984375000E+0001
-3.59204635620117E+0001
-7.65048027038574E-0001
 1.14365215301513E+0001
-3.75142135620117E+0001
-4.14004802703857E+0000
 1.29130859375000E+0001
-4.24829635620117E+0001
-4.14004802703857E+0000
 8.48339653015137E+0000
-4.24829635620117E+0001
-4.14004802703857E+0000
 8.48339653015137E+0000
-4.02329635620117E+0001
-7.65048027038574E-0001
 8.48339653015137E+0000
-3.59204635620117E+0001
-7.65048027038574E-0001
 1.14365215301513E+0001
-2.29829635620117E+0001
-4.14004802703857E+0000
 1.35458965301513E+0001
-2.22329635620117E+0001
-7.65048027038574E-0001
 1.52333965301513E+0001
-3.91079635620117E+0001
-7.65048027038574E-0001
 1.43896465301513E+0001
-3.91079635620117E+0001
-7.65048027038574E-0001
 1.43896465301513E+0001
-3.75142135620117E+0001
-4.14004802703857E+0000
 1.29130859375000E+0001
-2.29829635620117E+0001
-4.14004802703857E+0000
 1.35458965301513E+0001
-3.75142135620117E+0001
-4.14004802703857E+0000
 1.29130859375000E+0001
-3.91079635620117E+0001
-7.65048027038574E-0001
 1.43896465301513E+0001
-4.47329635620117E+0001
-7.65048027038574E-0001
 8.48339653015137E+0000
-4.47329635620117E+0001
-7.65048027038574E-0001
 8.48339653015137E+0000
-4.24829635620117E+0001
-4.14004802703857E+0000
 8.48339653015137E+0000
-3.75142135620117E+0001
-4.14004802703857E+0000
 1.29130859375000E+0001
-2.22329635620117E+0001
-7.65048027038574E-0001
 1.52333965301513E+0001
-2.29829635620117E+0001
 2.60995197296143E+0000
 1.35458965301513E+0001
-3.75142135620117E+0001
 2.60995197296143E+0000
 1.29130859375000E+0001
-3.75142135620117E+0001
 2.60995197296143E+0000
 1.29130859375000E+0001
-3.91079635620117E+0001
-7.65048027038574E-0001
 1.43896465301513E+0001
-2.22329635620117E+0001
-7.65048027038574E-0001
 1.52333965301513E+0001
-3.91079635620117E+0001
-7.65048027038574E-0001
 1.43896465301513E+0001
-3.75142135620117E+0001
 2.60995197296143E+0000
 1.29130859375000E+0001
-4.24829635620117E+0001
 2.60995197296143E+0000
 8.48339653015137E+0000
-4.24829635620117E+0001
 2.60995197296143E+0000
 8.48339653015137E+0000
-4.47329635620117E+0001
-7.65048027038574E-0001
 8.48339653015137E+0000
-3.91079635620117E+0001
-7.65048027038574E-0001
 1.43896465301513E+0001
-2.29829635620117E+0001
 2.60995197296143E+0000
 1.35458965301513E+0001
-2.37329635620117E+0001
-7.65048027038574E-0001
 1.18583984375000E+0001
-3.59204635620117E+0001
-7.65048027038574E-0001
 1.14365215301513E+0001
-3.59204635620117E+0001
-7.65048027038574E-0001
 1.14365215301513E+0001
-3.75142135620117E+0001
 2.60995197296143E+0000
 1.29130859375000E+0001
-2.29829635620117E+0001
 2.60995197296143E+0000
 1.35458965301513E+0001
-3.75142135620117E+0001
 2.60995197296143E+0000
 1.29130859375000E+0001
-3.59204635620117E+0001
-7.65048027038574E-0001
 1.14365215301513E+0001
-4.02329635620117E+0001
-7.65048027038574E-0001
 8.48339653015137E+0000
-4.02329635620117E+0001
-7.65048027038574E-0001
 8.48339653015137E+0000
-4.24829635620117E+0001
 2.60995197296143E+0000
 8.48339653015137E+0000
-3.75142135620117E+0001
 2.60995197296143E+0000
 1.29130859375000E+0001
-4.02329635620117E+0001
-7.65048027038574E-0001
 8.48339653015137E+0000
-4.24829635620117E+0001
-4.14004802703857E+0000
 8.48339653015137E+0000
-3.92485885620117E+0001
-4.14004802703857E+0000
 2.91990011930466E-0001
-3.92485885620117E+0001
-4.14004802703857E+0000
 2.91990011930466E-0001
-3.77954635620117E+0001
-7.65048027038574E-0001
 1.73339700698853E+0000
-4.02329635620117E+0001
-7.65048027038574E-0001
 8.48339653015137E+0000
-3.77954635620117E+0001
-7.65048027038574E-0001
 1.73339700698853E+0000
-3.92485885620117E+0001
-4.14004802703857E+0000
 2.91990011930466E-0001
-2.89829635620117E+0001
-4.14004802703857E+0000
-7.26660299301147E+0000
-2.89829635620117E+0001
-4.14004802703857E+0000
-7.26660299301147E+0000
-2.97329635620117E+0001
-7.65048027038574E-0001
-5.01660299301147E+0000
-3.77954635620117E+0001
-7.65048027038574E-0001
 1.73339700698853E+0000
-4.24829635620117E+0001
-4.14004802703857E+0000
 8.48339653015137E+0000
-4.47329635620117E+0001
-7.65048027038574E-0001
 8.48339653015137E+0000
-4.07017135620117E+0001
-7.65048027038574E-0001
-1.14941596984863E+0000
-4.07017135620117E+0001
-7.65048027038574E-0001
-1.14941596984863E+0000
-3.92485885620117E+0001
-4.14004802703857E+0000
 2.91990011930466E-0001
-4.24829635620117E+0001
-4.14004802703857E+0000
 8.48339653015137E+0000
-3.92485885620117E+0001
-4.14004802703857E+0000
 2.91990011930466E-0001
-4.07017135620117E+0001
-7.65048027038574E-0001
-1.14941596984863E+0000
-2.82329635620117E+0001
-7.65048027038574E-0001
-9.51660346984863E+0000
-2.82329635620117E+0001
-7.65048027038574E-0001
-9.51660346984863E+0000
-2.89829635620117E+0001
-4.14004802703857E+0000
-7.26660299301147E+0000
-3.92485885620117E+0001
-4.14004802703857E+0000
 2.91990011930466E-0001
-4.47329635620117E+0001
-7.65048027038574E-0001
 8.48339653015137E+0000
-4.24829635620117E+0001
 2.60995197296143E+0000
 8.48339653015137E+0000
-3.92485885620117E+0001
 2.60995197296143E+0000
 2.91990011930466E-0001
-3.92485885620117E+0001
 2.60995197296143E+0000
 2.91990011930466E-0001
-4.07017135620117E+0001
-7.65048027038574E-0001
-1.14941596984863E+0000
-4.47329635620117E+0001
-7.65048027038574E-0001
 8.48339653015137E+0000
-4.07017135620117E+0001
-7.65048027038574E-0001
-1.14941596984863E+0000
-3.92485885620117E+0001
 2.60995197296143E+0000
 2.91990011930466E-0001
-2.89829635620117E+0001
 2.60995197296143E+0000
-7.26660299301147E+0000
-2.89829635620117E+0001
 2.60995197296143E+0000
-7.26660299301147E+0000
-2.82329635620117E+0001
-7.65048027038574E-0001
-9.51660346984863E+0000
-4.07017135620117E+0001
-7.65048027038574E-0001
-1.14941596984863E+0000
-4.24829635620117E+0001
 2.60995197296143E+0000
 8.48339653015137E+0000
-4.02329635620117E+0001
-7.65048027038574E-0001
 8.48339653015137E+0000
-3.77954635620117E+0001
-7.65048027038574E-0001
 1.73339700698853E+0000
-3.77954635620117E+0001
-7.65048027038574E-0001
 1.73339700698853E+0000
-3.92485885620117E+0001
 2.60995197296143E+0000
 2.91990011930466E-0001
-4.24829635620117E+0001
 2.60995197296143E+0000
 8.48339653015137E+0000
-3.92485885620117E+0001
 2.60995197296143E+0000
 2.91990011930466E-0001
-3.77954635620117E+0001
-7.65048027038574E-0001
 1.73339700698853E+0000
-2.97329635620117E+0001
-7.65048027038574E-0001
-5.01660299301147E+0000
-2.97329635620117E+0001
-7.65048027038574E-0001
-5.01660299301147E+0000
-2.89829635620117E+0001
 2.60995197296143E+0000
-7.26660299301147E+0000
-3.92485885620117E+0001
 2.60995197296143E+0000
 2.91990011930466E-0001
 2.57670364379883E+0001
-7.65048027038574E-0001
 2.85839700698853E+0000
 2.57670364379883E+0001
-8.19004821777344E+0000
-3.32910299301147E+0000
 3.83295364379883E+0001
-5.88379812240601E+0000
 5.81152200698853E+0000
 3.83295364379883E+0001
-5.88379812240601E+0000
 5.81152200698853E+0000
 3.60795364379883E+0001
-7.65048027038574E-0001
 8.48339653015137E+0000
 2.57670364379883E+0001
-7.65048027038574E-0001
 2.85839700698853E+0000
 3.60795364379883E+0001
-7.65048027038574E-0001
 8.48339653015137E+0000
 3.83295364379883E+0001
-5.88379812240601E+0000
 5.81152200698853E+0000
 4.52670364379883E+0001
-3.57754802703857E+0000
 1.74833965301514E+0001
 4.52670364379883E+0001
-3.57754802703857E+0000
 1.74833965301514E+0001
 4.07670364379883E+0001
-7.65048027038574E-0001
 1.74833965301514E+0001
 3.60795364379883E+0001
-7.65048027038574E-0001
 8.48339653015137E+0000
 2.57670364379883E+0001
-8.19004821777344E+0000
-3.32910299301147E+0000
 2.57670364379883E+0001
-7.65048027038574E-0001
-9.51660346984863E+0000
 4.05795364379883E+0001
-7.65048027038574E-0001
 3.13964700698853E+0000
 4.05795364379883E+0001
-7.65048027038574E-0001
 3.13964700698853E+0000
 3.83295364379883E+0001
-5.88379812240601E+0000
 5.81152200698853E+0000
 2.57670364379883E+0001
-8.19004821777344E+0000
-3.32910299301147E+0000
 3.83295364379883E+0001
-5.88379812240601E+0000
 5.81152200698853E+0000
 4.05795364379883E+0001
-7.65048027038574E-0001
 3.13964700698853E+0000
 4.97670364379883E+0001
-7.65048027038574E-0001
 1.74833965301514E+0001
 4.97670364379883E+0001
-7.65048027038574E-0001
 1.74833965301514E+0001
 4.52670364379883E+0001
-3.57754802703857E+0000
 1.74833965301514E+0001
 3.83295364379883E+0001
-5.88379812240601E+0000
 5.81152200698853E+0000
 2.57670364379883E+0001
-7.65048027038574E-0001
-9.51660346984863E+0000
 2.57670364379883E+0001
 6.65995216369629E+0000
-3.32910299301147E+0000
 3.83295364379883E+0001
 4.35370302200317E+0000
 5.81152200698853E+0000
 3.83295364379883E+0001
 4.35370302200317E+0000
 5.81152200698853E+0000
 4.05795364379883E+0001
-7.65048027038574E-0001
 3.13964700698853E+0000
 2.57670364379883E+0001
-7.65048027038574E-0001
-9.51660346984863E+0000
 4.05795364379883E+0001
-7.65048027038574E-0001
 3.13964700698853E+0000
 3.83295364379883E+0001
 4.35370302200317E+0000
 5.81152200698853E+0000
 4.52670364379883E+0001
 2.04745197296143E+0000
 1.74833965301514E+0001
 4.52670364379883E+0001
 2.04745197296143E+0000
 1.74833965301514E+0001
 4.97670364379883E+0001
-7.65048027038574E-0001
 1.74833965301514E+0001
 4.05795364379883E+0001
-7.65048027038574E-0001
 3.13964700698853E+0000
 2.57670364379883E+0001
 6.65995216369629E+0000
-3.32910299301147E+0000
 2.57670364379883E+0001
-7.65048027038574E-0001
 2.85839700698853E+0000
 3.60795364379883E+0001
-7.65048027038574E-0001
 8.48339653015137E+0000
 3.60795364379883E+0001
-7.65048027038574E-0001
 8.48339653015137E+0000
 3.83295364379883E+0001
 4.35370302200317E+0000
 5.81152200698853E+0000
 2.57670364379883E+0001
 6.65995216369629E+0000
-3.32910299301147E+0000
 3.83295364379883E+0001
 4.35370302200317E+0000
 5.81152200698853E+0000
 3.60795364379883E+0001
-7.65048027038574E-0001
 8.48339653015137E+0000
 4.07670364379883E+0001
-7.65048027038574E-0001
 1.74833965301514E+0001
 4.07670364379883E+0001
-7.65048027038574E-0001
 1.74833965301514E+0001
 4.52670364379883E+0001
 2.04745197296143E+0000
 1.74833965301514E+0001
 3.83295364379883E+0001
 4.35370302200317E+0000
 5.81152200698853E+0000
 4.07670364379883E+0001
-7.65048027038574E-0001
 1.74833965301514E+0001
 4.52670364379883E+0001
-3.57754802703857E+0000
 1.74833965301514E+0001
 4.71654739379883E+0001
-3.01504802703857E+0000
 1.84853496551514E+0001
 4.71654739379883E+0001
-3.01504802703857E+0000
 1.84853496551514E+0001
 4.26420364379883E+0001
-7.65048027038574E-0001
 1.83271465301514E+0001
 4.07670364379883E+0001
-7.65048027038574E-0001
 1.74833965301514E+0001
 4.26420364379883E+0001
-7.65048027038574E-0001
 1.83271465301514E+0001
 4.71654739379883E+0001
-3.01504802703857E+0000
 1.84853496551514E+0001
 4.52670364379883E+0001
-2.45254802703857E+0000
 1.74833965301514E+0001
 4.52670364379883E+0001
-2.45254802703857E+0000
 1.74833965301514E+0001
 4.22670364379883E+0001
-7.65048027038574E-0001
 1.74833965301514E+0001
 4.26420364379883E+0001
-7.65048027038574E-0001
 1.83271465301514E+0001
 4.52670364379883E+0001
-3.57754802703857E+0000
 1.74833965301514E+0001
 4.97670364379883E+0001
-7.65048027038574E-0001
 1.74833965301514E+0001
 5.16889152526855E+0001
-7.65048027038574E-0001
 1.86435527801514E+0001
 5.16889152526855E+0001
-7.65048027038574E-0001
 1.86435527801514E+0001
 4.71654739379883E+0001
-3.01504802703857E+0000
 1.84853496551514E+0001
 4.52670364379883E+0001
-3.57754802703857E+0000
 1.74833965301514E+0001
 4.71654739379883E+0001
-3.01504802703857E+0000
 1.84853496551514E+0001
 5.16889152526855E+0001
-7.65048027038574E-0001
 1.86435527801514E+0001
 4.82670364379883E+0001
-7.65048027038574E-0001
 1.74833965301514E+0001
 4.82670364379883E+0001
-7.65048027038574E-0001
 1.74833965301514E+0001
 4.52670364379883E+0001
-2.45254802703857E+0000
 1.74833965301514E+0001
 4.71654739379883E+0001
-3.01504802703857E+0000
 1.84853496551514E+0001
 4.97670364379883E+0001
-7.65048027038574E-0001
 1.74833965301514E+0001
 4.52670364379883E+0001
 2.04745197296143E+0000
 1.74833965301514E+0001
 4.71654739379883E+0001
 1.48495197296143E+0000
 1.84853496551514E+0001
 4.71654739379883E+0001
 1.48495197296143E+0000
 1.84853496551514E+0001
 5.16889152526855E+0001
-7.65048027038574E-0001
 1.86435527801514E+0001
 4.97670364379883E+0001
-7.65048027038574E-0001
 1.74833965301514E+0001
 5.16889152526855E+0001
-7.65048027038574E-0001
 1.86435527801514E+0001
 4.71654739379883E+0001
 1.48495197296143E+0000
 1.84853496551514E+0001
 4.52670364379883E+0001
 9.22451972961426E-0001
 1.74833965301514E+0001
 4.52670364379883E+0001
 9.22451972961426E-0001
 1.74833965301514E+0001
 4.82670364379883E+0001
-7.65048027038574E-0001
 1.74833965301514E+0001
 5.16889152526855E+0001
-7.65048027038574E-0001
 1.86435527801514E+0001
 4.52670364379883E+0001
 2.04745197296143E+0000
 1.74833965301514E+0001
 4.07670364379883E+0001
-7.65048027038574E-0001
 1.74833965301514E+0001
 4.26420364379883E+0001
-7.65048027038574E-0001
 1.83271465301514E+0001
 4.26420364379883E+0001
-7.65048027038574E-0001
 1.83271465301514E+0001
 4.71654739379883E+0001
 1.48495197296143E+0000
 1.84853496551514E+0001
 4.52670364379883E+0001
 2.04745197296143E+0000
 1.74833965301514E+0001
 4.71654739379883E+0001
 1.48495197296143E+0000
 1.84853496551514E+0001
 4.26420364379883E+0001
-7.65048027038574E-0001
 1.83271465301514E+0001
 4.22670364379883E+0001
-7.65048027038574E-0001
 1.74833965301514E+0001
 4.22670364379883E+0001
-7.65048027038574E-0001
 1.74833965301514E+0001
 4.52670364379883E+0001
 9.22451972961426E-0001
 1.74833965301514E+0001
 4.71654739379883E+0001
 1.48495197296143E+0000
 1.84853496551514E+0001
 2.67035990953445E-0001
-7.65048027038574E-0001
 2.87333965301514E+0001
 2.67035990953445E-0001
-7.65048027038574E-0001
 2.87333965301514E+0001
 3.73250508308411E+0000
-4.23051595687866E+0000
 2.62021465301514E+0001
 3.73250508308411E+0000
-4.23051595687866E+0000
 2.62021465301514E+0001
 5.14203596115112E+0000
-7.65048027038574E-0001
 2.62021465301514E+0001
 2.67035990953445E-0001
-7.65048027038574E-0001
 2.87333965301514E+0001
 5.14203596115112E+0000
-7.65048027038574E-0001
 2.62021465301514E+0001
 3.73250508308411E+0000
-4.23051595687866E+0000
 2.62021465301514E+0001
 2.39703607559204E+0000
-2.89504790306091E+0000
 2.19833965301514E+0001
 2.39703607559204E+0000
-2.89504790306091E+0000
 2.19833965301514E+0001
 3.26703596115112E+0000
-7.65048027038574E-0001
 2.19833965301514E+0001
 5.14203596115112E+0000
-7.65048027038574E-0001
 2.62021465301514E+0001
 2.67035990953445E-0001
-7.65048027038574E-0001
 2.87333965301514E+0001
 2.67035990953445E-0001
-7.65048027038574E-0001
 2.87333965301514E+0001
 2.67035990953445E-0001
-5.64004802703857E+0000
 2.62021465301514E+0001
 2.67035990953445E-0001
-5.64004802703857E+0000
 2.62021465301514E+0001
 3.73250508308411E+0000
-4.23051595687866E+0000
 2.62021465301514E+0001
 2.67035990953445E-0001
-7.65048027038574E-0001
 2.87333965301514E+0001
 3.73250508308411E+0000
-4.23051595687866E+0000
 2.62021465301514E+0001
 2.67035990953445E-0001
-5.64004802703857E+0000
 2.62021465301514E+0001
 2.67035990953445E-0001
-3.76504802703857E+0000
 2.19833965301514E+0001
 2.67035990953445E-0001
-3.76504802703857E+0000
 2.19833965301514E+0001
 2.39703607559204E+0000
-2.89504790306091E+0000
 2.19833965301514E+0001
 3.73250508308411E+0000
-4.23051595687866E+0000
 2.62021465301514E+0001
 2.67035990953445E-0001
-7.65048027038574E-0001
 2.87333965301514E+0001
 2.67035990953445E-0001
-7.65048027038574E-0001
 2.87333965301514E+0001
-3.19843292236328E+0000
-4.23051595687866E+0000
 2.62021465301514E+0001
-3.19843292236328E+0000
-4.23051595687866E+0000
 2.62021465301514E+0001
 2.67035990953445E-0001
-5.64004802703857E+0000
 2.62021465301514E+0001
 2.67035990953445E-0001
-7.65048027038574E-0001
 2.87333965301514E+0001
 2.67035990953445E-0001
-5.64004802703857E+0000
 2.62021465301514E+0001
-3.19843292236328E+0000
-4.23051595687866E+0000
 2.62021465301514E+0001
-1.86296403408051E+0000
-2.89504790306091E+0000
 2.19833965301514E+0001
-1.86296403408051E+0000
-2.89504790306091E+0000
 2.19833965301514E+0001
 2.67035990953445E-0001
-3.76504802703857E+0000
 2.19833965301514E+0001
 2.67035990953445E-0001
-5.64004802703857E+0000
 2.62021465301514E+0001
 2.67035990953445E-0001
-7.65048027038574E-0001
 2.87333965301514E+0001
 2.67035990953445E-0001
-7.65048027038574E-0001
 2.87333965301514E+0001
-4.60796499252319E+0000
-7.65048027038574E-0001
 2.62021465301514E+0001
-4.60796499252319E+0000
-7.65048027038574E-0001
 2.62021465301514E+0001
-3.19843292236328E+0000
-4.23051595687866E+0000
 2.62021465301514E+0001
 2.67035990953445E-0001
-7.65048027038574E-0001
 2.87333965301514E+0001
-3.19843292236328E+0000
-4.23051595687866E+0000
 2.62021465301514E+0001
-4.60796499252319E+0000
-7.65048027038574E-0001
 2.62021465301514E+0001
-2.73296403884888E+0000
-7.65048027038574E-0001
 2.19833965301514E+0001
-2.73296403884888E+0000
-7.65048027038574E-0001
 2.19833965301514E+0001
-1.86296403408051E+0000
-2.89504790306091E+0000
 2.19833965301514E+0001
-3.19843292236328E+0000
-4.23051595687866E+0000
 2.62021465301514E+0001
 2.67035990953445E-0001
-7.65048027038574E-0001
 2.87333965301514E+0001
 2.67035990953445E-0001
-7.65048027038574E-0001
 2.87333965301514E+0001
-3.19843292236328E+0000
 2.70042109489441E+0000
 2.62021465301514E+0001
-3.19843292236328E+0000
 2.70042109489441E+0000
 2.62021465301514E+0001
-4.60796499252319E+0000
-7.65048027038574E-0001
 2.62021465301514E+0001
 2.67035990953445E-0001
-7.65048027038574E-0001
 2.87333965301514E+0001
-4.60796499252319E+0000
-7.65048027038574E-0001
 2.62021465301514E+0001
-3.19843292236328E+0000
 2.70042109489441E+0000
 2.62021465301514E+0001
-1.86296403408051E+0000
 1.36495196819305E+0000
 2.19833965301514E+0001
-1.86296403408051E+0000
 1.36495196819305E+0000
 2.19833965301514E+0001
-2.73296403884888E+0000
-7.65048027038574E-0001
 2.19833965301514E+0001
-4.60796499252319E+0000
-7.65048027038574E-0001
 2.62021465301514E+0001
 2.67035990953445E-0001
-7.65048027038574E-0001
 2.87333965301514E+0001
 2.67035990953445E-0001
-7.65048027038574E-0001
 2.87333965301514E+0001
 2.67035990953445E-0001
 4.10995292663574E+0000
 2.62021465301514E+0001
 2.67035990953445E-0001
 4.10995292663574E+0000
 2.62021465301514E+0001
-3.19843292236328E+0000
 2.70042109489441E+0000
 2.62021465301514E+0001
 2.67035990953445E-0001
-7.65048027038574E-0001
 2.87333965301514E+0001
-3.19843292236328E+0000
 2.70042109489441E+0000
 2.62021465301514E+0001
 2.67035990953445E-0001
 4.10995292663574E+0000
 2.62021465301514E+0001
 2.67035990953445E-0001
 2.23495197296143E+0000
 2.19833965301514E+0001
 2.67035990953445E-0001
 2.23495197296143E+0000
 2.19833965301514E+0001
-1.86296403408051E+0000
 1.36495196819305E+0000
 2.19833965301514E+0001
-3.19843292236328E+0000
 2.70042109489441E+0000
 2.62021465301514E+0001
 2.67035990953445E-0001
-7.65048027038574E-0001
 2.87333965301514E+0001
 2.67035990953445E-0001
-7.65048027038574E-0001
 2.87333965301514E+0001
 3.73250508308411E+0000
 2.70042109489441E+0000
 2.62021465301514E+0001
 3.73250508308411E+0000
 2.70042109489441E+0000
 2.62021465301514E+0001
 2.67035990953445E-0001
 4.10995292663574E+0000
 2.62021465301514E+0001
 2.67035990953445E-0001
-7.65048027038574E-0001
 2.87333965301514E+0001
 2.67035990953445E-0001
 4.10995292663574E+0000
 2.62021465301514E+0001
 3.73250508308411E+0000
 2.70042109489441E+0000
 2.62021465301514E+0001
 2.39703607559204E+0000
 1.36495196819305E+0000
 2.19833965301514E+0001
 2.39703607559204E+0000
 1.36495196819305E+0000
 2.19833965301514E+0001
 2.67035990953445E-0001
 2.23495197296143E+0000
 2.19833965301514E+0001
 2.67035990953445E-0001
 4.10995292663574E+0000
 2.62021465301514E+0001
 2.67035990953445E-0001
-7.65048027038574E-0001
 2.87333965301514E+0001
 2.67035990953445E-0001
-7.65048027038574E-0001
 2.87333965301514E+0001
 5.14203596115112E+0000
-7.65048027038574E-0001
 2.62021465301514E+0001
 5.14203596115112E+0000
-7.65048027038574E-0001
 2.62021465301514E+0001
 3.73250508308411E+0000
 2.70042109489441E+0000
 2.62021465301514E+0001
 2.67035990953445E-0001
-7.65048027038574E-0001
 2.87333965301514E+0001
 3.73250508308411E+0000
 2.70042109489441E+0000
 2.62021465301514E+0001
 5.14203596115112E+0000
-7.65048027038574E-0001
 2.62021465301514E+0001
 3.26703596115112E+0000
-7.65048027038574E-0001
 2.19833965301514E+0001
 3.26703596115112E+0000
-7.65048027038574E-0001
 2.19833965301514E+0001
 2.39703607559204E+0000
 1.36495196819305E+0000
 2.19833965301514E+0001
 3.73250508308411E+0000
 2.70042109489441E+0000
 2.62021465301514E+0001
 3.26703596115112E+0000
-7.65048027038574E-0001
 2.19833965301514E+0001
 2.39703607559204E+0000
-2.89504790306091E+0000
 2.19833965301514E+0001
 9.05328655242920E+0000
-9.55129814147949E+0000
 1.97333965301514E+0001
 9.05328655242920E+0000
-9.55129814147949E+0000
 1.97333965301514E+0001
 1.26420364379882E+0001
-7.65048027038574E-0001
 1.97333965301514E+0001
 3.26703596115112E+0000
-7.65048027038574E-0001
 2.19833965301514E+0001
 1.26420364379882E+0001
-7.65048027038574E-0001
 1.97333965301514E+0001
 9.05328655242920E+0000
-9.55129814147949E+0000
 1.97333965301514E+0001
 1.41120357513427E+0001
-1.46100473403930E+0001
 1.74833965301514E+0001
 1.41120357513427E+0001
-1.46100473403930E+0001
 1.74833965301514E+0001
 1.97670364379883E+0001
-7.65048027038574E-0001
 1.74833965301514E+0001
 1.26420364379882E+0001
-7.65048027038574E-0001
 1.97333965301514E+0001
 2.39703607559204E+0000
-2.89504790306091E+0000
 2.19833965301514E+0001
 2.67035990953445E-0001
-3.76504802703857E+0000
 2.19833965301514E+0001
 2.67035990953445E-0001
-1.31400480270385E+0001
 1.97333965301514E+0001
 2.67035990953445E-0001
-1.31400480270385E+0001
 1.97333965301514E+0001
 9.05328655242920E+0000
-9.55129814147949E+0000
 1.97333965301514E+0001
 2.39703607559204E+0000
-2.89504790306091E+0000
 2.19833965301514E+0001
 9.05328655242920E+0000
-9.55129814147949E+0000
 1.97333965301514E+0001
 2.67035990953445E-0001
-1.31400480270385E+0001
 1.97333965301514E+0001
 2.67035990953445E-0001
-2.02650470733643E+0001
 1.74833965301514E+0001
 2.67035990953445E-0001
-2.02650470733643E+0001
 1.74833965301514E+0001
 1.41120357513427E+0001
-1.46100473403930E+0001
 1.74833965301514E+0001
 9.05328655242920E+0000
-9.55129814147949E+0000
 1.97333965301514E+0001
 2.67035990953445E-0001
-3.76504802703857E+0000
 2.19833965301514E+0001
-1.86296403408051E+0000
-2.89504790306091E+0000
 2.19833965301514E+0001
-8.51921367645264E+0000
-9.55129814147949E+0000
 1.97333965301514E+0001
-8.51921367645264E+0000
-9.55129814147949E+0000
 1.97333965301514E+0001
 2.67035990953445E-0001
-1.31400480270385E+0001
 1.97333965301514E+0001
 2.67035990953445E-0001
-3.76504802703857E+0000
 2.19833965301514E+0001
 2.67035990953445E-0001
-1.31400480270385E+0001
 1.97333965301514E+0001
-8.51921367645264E+0000
-9.55129814147949E+0000
 1.97333965301514E+0001
-1.35779628753662E+0001
-1.46100473403930E+0001
 1.74833965301514E+0001
-1.35779628753662E+0001
-1.46100473403930E+0001
 1.74833965301514E+0001
 2.67035990953445E-0001
-2.02650470733643E+0001
 1.74833965301514E+0001
 2.67035990953445E-0001
-1.31400480270385E+0001
 1.97333965301514E+0001
-1.86296403408051E+0000
-2.89504790306091E+0000
 2.19833965301514E+0001
-2.73296403884888E+0000
-7.65048027038574E-0001
 2.19833965301514E+0001
-1.21079635620117E+0001
-7.65048027038574E-0001
 1.97333965301514E+0001
-1.21079635620117E+0001
-7.65048027038574E-0001
 1.97333965301514E+0001
-8.51921367645264E+0000
-9.55129814147949E+0000
 1.97333965301514E+0001
-1.86296403408051E+0000
-2.89504790306091E+0000
 2.19833965301514E+0001
-8.51921367645264E+0000
-9.55129814147949E+0000
 1.97333965301514E+0001
-1.21079635620117E+0001
-7.65048027038574E-0001
 1.97333965301514E+0001
-1.92329635620117E+0001
-7.65048027038574E-0001
 1.74833965301514E+0001
-1.92329635620117E+0001
-7.65048027038574E-0001
 1.74833965301514E+0001
-1.35779628753662E+0001
-1.46100473403930E+0001
 1.74833965301514E+0001
-8.51921367645264E+0000
-9.55129814147949E+0000
 1.97333965301514E+0001
-2.73296403884888E+0000
-7.65048027038574E-0001
 2.19833965301514E+0001
-1.86296403408051E+0000
 1.36495196819305E+0000
 2.19833965301514E+0001
-8.51921367645264E+0000
 8.02120208740234E+0000
 1.97333965301514E+0001
-8.51921367645264E+0000
 8.02120208740234E+0000
 1.97333965301514E+0001
-1.21079635620117E+0001
-7.65048027038574E-0001
 1.97333965301514E+0001
-2.73296403884888E+0000
-7.65048027038574E-0001
 2.19833965301514E+0001
-1.21079635620117E+0001
-7.65048027038574E-0001
 1.97333965301514E+0001
-8.51921367645264E+0000
 8.02120208740234E+0000
 1.97333965301514E+0001
-1.35779628753662E+0001
 1.30799512863159E+0001
 1.74833965301514E+0001
-1.35779628753662E+0001
 1.30799512863159E+0001
 1.74833965301514E+0001
-1.92329635620117E+0001
-7.65048027038574E-0001
 1.74833965301514E+0001
-1.21079635620117E+0001
-7.65048027038574E-0001
 1.97333965301514E+0001
-1.86296403408051E+0000
 1.36495196819305E+0000
 2.19833965301514E+0001
 2.67035990953445E-0001
 2.23495197296143E+0000
 2.19833965301514E+0001
 2.67035990953445E-0001
 1.16099519729614E+0001
 1.97333965301514E+0001
 2.67035990953445E-0001
 1.16099519729614E+0001
 1.97333965301514E+0001
-8.51921367645264E+0000
 8.02120208740234E+0000
 1.97333965301514E+0001
-1.86296403408051E+0000
 1.36495196819305E+0000
 2.19833965301514E+0001
-8.51921367645264E+0000
 8.02120208740234E+0000
 1.97333965301514E+0001
 2.67035990953445E-0001
 1.16099519729614E+0001
 1.97333965301514E+0001
 2.67035990953445E-0001
 1.87349529266357E+0001
 1.74833965301514E+0001
 2.67035990953445E-0001
 1.87349529266357E+0001
 1.74833965301514E+0001
-1.35779628753662E+0001
 1.30799512863159E+0001
 1.74833965301514E+0001
-8.51921367645264E+0000
 8.02120208740234E+0000
 1.97333965301514E+0001
 2.67035990953445E-0001
 2.23495197296143E+0000
 2.19833965301514E+0001
 2.39703607559204E+0000
 1.36495196819305E+0000
 2.19833965301514E+0001
 9.05328655242920E+0000
 8.02120208740234E+0000
 1.97333965301514E+0001
 9.05328655242920E+0000
 8.02120208740234E+0000
 1.97333965301514E+0001
 2.67035990953445E-0001
 1.16099519729614E+0001
 1.97333965301514E+0001
 2.67035990953445E-0001
 2.23495197296143E+0000
 2.19833965301514E+0001
 2.67035990953445E-0001
 1.16099519729614E+0001
 1.97333965301514E+0001
 9.05328655242920E+0000
 8.02120208740234E+0000
 1.97333965301514E+0001
 1.41120357513427E+0001
 1.30799512863159E+0001
 1.74833965301514E+0001
 1.41120357513427E+0001
 1.30799512863159E+0001
 1.74833965301514E+0001
 2.67035990953445E-0001
 1.87349529266357E+0001
 1.74833965301514E+0001
 2.67035990953445E-0001
 1.16099519729614E+0001
 1.97333965301514E+0001
 2.39703607559204E+0000
 1.36495196819305E+0000
 2.19833965301514E+0001
 3.26703596115112E+0000
-7.65048027038574E-0001
 2.19833965301514E+0001
 1.26420364379882E+0001
-7.65048027038574E-0001
 1.97333965301514E+0001
 1.26420364379882E+0001
-7.65048027038574E-0001
 1.97333965301514E+0001
 9.05328655242920E+0000
 8.02120208740234E+0000
 1.97333965301514E+0001
 2.39703607559204E+0000
 1.36495196819305E+0000
 2.19833965301514E+0001
 9.05328655242920E+0000
 8.02120208740234E+0000
 1.97333965301514E+0001
 1.26420364379882E+0001
-7.65048027038574E-0001
 1.97333965301514E+0001
 1.97670364379883E+0001
-7.65048027038574E-0001
 1.74833965301514E+0001
 1.97670364379883E+0001
-7.65048027038574E-0001
 1.74833965301514E+0001
 1.41120357513427E+0001
 1.30799512863159E+0001
 1.74833965301514E+0001
 9.05328655242920E+0000
 8.02120208740234E+0000
 1.97333965301514E+0001