 2.43222996592522E-0001
-1.49792000651360E-0001
 3.00000000000000E+0001
 2.14564266204834E+0001
-1.51497917175293E+0001
 1.50000000000000E+0001
 2.14564266204834E+0001
 1.48502082824707E+0001
 1.50000000000000E+0001
 2.14564266204834E+0001
 1.48502082824707E+0001
 1.50000000000000E+0001
 2.14564266204834E+0001
 1.48502082824707E+0001
-1.50000000000000E+0001
 2.43222996592522E-0001
 2.98502082824707E+0001
 0.00000000000000E+0000
 2.43222996592522E-0001
 2.98502082824707E+0001
 0.00000000000000E+0000
-2.09699802398682E+0001
 1.48502082824707E+0001
-1.50000000000000E+0001
-2.09699802398682E+0001
 1.48502082824707E+0001
 1.50000000000000E+0001
-2.09699802398682E+0001
 1.48502082824707E+0001
 1.50000000000000E+0001
-2.09699802398682E+0001
-1.51497917175293E+0001
 1.50000000000000E+0001
 2.43222996592522E-0001
-1.49792000651360E-0001
 3.00000000000000E+0001
-2.09699802398682E+0001
-1.51497917175293E+0001
 1.50000000000000E+0001
-2.09699802398682E+0001
-1.51497917175293E+0001
-1.50000000000000E+0001
 2.43222996592522E-0001
-3.01497917175293E+0001
 0.00000000000000E+0000
 2.43222996592522E-0001
-3.01497917175293E+0001
 0.00000000000000E+0000
 2.14564266204834E+0001
-1.51497917175293E+0001
-1.50000000000000E+0001
 2.14564266204834E+0001
-1.51497917175293E+0001
 1.50000000000000E+0001
 2.14564266204834E+0001
-1.51497917175293E+0001
-1.50000000000000E+0001
 2.43222996592522E-0001
-1.49792000651360E-0001
-3.00000000000000E+0001
 2.14564266204834E+0001
 1.48502082824707E+0001
-1.50000000000000E+0001
-2.09699802398682E+0001
-1.51497917175293E+0001
-1.50000000000000E+0001
-2.09699802398682E+0001
 1.48502082824707E+0001
-1.50000000000000E+0001
 2.43222996592522E-0001
-1.49792000651360E-0001
-3.00000000000000E+0001
 2.14564266204834E+0001
 1.48502082824707E+0001
 1.50000000000000E+0001
 2.43222996592522E-0001
 2.98502082824707E+0001
 0.00000000000000E+0000
-2.09699802398682E+0001
 1.48502082824707E+0001
 1.50000000000000E+0001
 2.14564266204834E+0001
 1.48502082824707E+0001
 1.50000000000000E+0001
-2.09699802398682E+0001
 1.48502082824707E+0001
 1.50000000000000E+0001
 2.43222996592522E-0001
-1.49792000651360E-0001
 3.00000000000000E+0001
-2.09699802398682E+0001
-1.51497917175293E+0001
 1.50000000000000E+0001
 2.43222996592522E-0001
-3.01497917175293E+0001
 0.00000000000000E+0000
 2.14564266204834E+0001
-1.51497917175293E+0001
 1.50000000000000E+0001
-2.09699802398682E+0001
-1.51497917175293E+0001
 1.50000000000000E+0001
 2.14564266204834E+0001
-1.51497917175293E+0001
 1.50000000000000E+0001
 2.43222996592522E-0001
-1.49792000651360E-0001
 3.00000000000000E+0001
 2.14564266204834E+0001
-1.51497917175293E+0001
 1.50000000000000E+0001
 2.14564266204834E+0001
-1.51497917175293E+0001
-1.50000000000000E+0001
 2.14564266204834E+0001
 1.48502082824707E+0001
-1.50000000000000E+0001
 2.14564266204834E+0001
-1.51497917175293E+0001
 1.50000000000000E+0001
 2.14564266204834E+0001
 1.48502082824707E+0001
-1.50000000000000E+0001
 2.14564266204834E+0001
 1.48502082824707E+0001
 1.50000000000000E+0001
 2.43222996592522E-0001
-3.01497917175293E+0001
 0.00000000000000E+0000
-2.09699802398682E+0001
-1.51497917175293E+0001
-1.50000000000000E+0001
 2.43222996592522E-0001
-1.49792000651360E-0001
-3.00000000000000E+0001
 2.43222996592522E-0001
-3.01497917175293E+0001
 0.00000000000000E+0000
 2.43222996592522E-0001
-1.49792000651360E-0001
-3.00000000000000E+0001
 2.14564266204834E+0001
-1.51497917175293E+0001
-1.50000000000000E+0001
 2.43222996592522E-0001
-1.49792000651360E-0001
-3.00000000000000E+0001
-2.09699802398682E+0001
 1.48502082824707E+0001
-1.50000000000000E+0001
 2.43222996592522E-0001
 2.98502082824707E+0001
 0.00000000000000E+0000
 2.43222996592522E-0001
-1.49792000651360E-0001
-3.00000000000000E+0001
 2.43222996592522E-0001
 2.98502082824707E+0001
 0.00000000000000E+0000
 2.14564266204834E+0001
 1.48502082824707E+0001
-1.50000000000000E+0001
-2.09699802398682E+0001
-1.51497917175293E+0001
-1.50000000000000E+0001
-2.09699802398682E+0001
-1.51497917175293E+0001
 1.50000000000000E+0001
-2.09699802398682E+0001
 1.48502082824707E+0001
 1.50000000000000E+0001
-2.09699802398682E+0001
-1.51497917175293E+0001
-1.50000000000000E+0001
-2.09699802398682E+0001
 1.48502082824707E+0001
 1.50000000000000E+0001
-2.09699802398682E+0001
 1.48502082824707E+0001
-1.50000000000000E+0001