 6.34990990161896E-0001
 8.22567999362946E-0001
 1.94011135101318E+0001
-1.43650093078613E+0001
-1.41774311065673E+0001
-1.05988855361938E+0001
 1.56349906921386E+0001
-1.41774311065673E+0001
-1.05988855361938E+0001
 6.34990990161896E-0001
 8.22567999362946E-0001
 1.94011135101318E+0001
 1.56349906921386E+0001
-1.41774311065673E+0001
-1.05988855361938E+0001
 1.56349906921386E+0001
 1.58225688934326E+0001
-1.05988855361938E+0001
 6.34990990161896E-0001
 8.22567999362946E-0001
 1.94011135101318E+0001
 1.56349906921386E+0001
 1.58225688934326E+0001
-1.05988855361938E+0001
-1.43650093078613E+0001
 1.58225688934326E+0001
-1.05988855361938E+0001
 6.34990990161896E-0001
 8.22567999362946E-0001
 1.94011135101318E+0001
-1.43650093078613E+0001
 1.58225688934326E+0001
-1.05988855361938E+0001
-1.43650093078613E+0001
-1.41774311065673E+0001
-1.05988855361938E+0001
-1.43650093078613E+0001
-1.41774311065673E+0001
-1.05988855361938E+0001
 6.34990990161896E-0001
 8.22567999362946E-0001
-1.05988855361938E+0001
 1.56349906921386E+0001
-1.41774311065673E+0001
-1.05988855361938E+0001
 1.56349906921386E+0001
-1.41774311065673E+0001
-1.05988855361938E+0001
 6.34990990161896E-0001
 8.22567999362946E-0001
-1.05988855361938E+0001
 1.56349906921386E+0001
 1.58225688934326E+0001
-1.05988855361938E+0001
 1.56349906921386E+0001
 1.58225688934326E+0001
-1.05988855361938E+0001
 6.34990990161896E-0001
 8.22567999362946E-0001
-1.05988855361938E+0001
-1.43650093078613E+0001
 1.58225688934326E+0001
-1.05988855361938E+0001
-1.43650093078613E+0001
 1.58225688934326E+0001
-1.05988855361938E+0001
 6.34990990161896E-0001
 8.22567999362946E-0001
-1.05988855361938E+0001
-1.43650093078613E+0001
-1.41774311065673E+0001
-1.05988855361938E+0001