 5.40421009063721E-0001
 8.58200013637543E-0001
 3.00000000000000E+0001
 5.40421009063721E-0001
 1.23387031555175E+0001
 2.77163867950439E+0001
-3.85297703742981E+0000
 1.14648017883300E+0001
 2.77163867950439E+0001
 5.40421009063721E-0001
 8.58200013637543E-0001
 3.00000000000000E+0001
-3.85297703742981E+0000
 1.14648017883300E+0001
 2.77163867950439E+0001
-7.57751989364624E+0000
 8.97614097595215E+0000
 2.77163867950439E+0001
 5.40421009063721E-0001
 8.58200013637543E-0001
 3.00000000000000E+0001
-7.57751989364624E+0000
 8.97614097595215E+0000
 2.77163867950439E+0001
-1.00661802291870E+0001
 5.25159692764282E+0000
 2.77163867950439E+0001
 5.40421009063721E-0001
 8.58200013637543E-0001
 3.00000000000000E+0001
-1.00661802291870E+0001
 5.25159692764282E+0000
 2.77163867950439E+0001
-1.09400815963745E+0001
 8.58199000358582E-0001
 2.77163867950439E+0001
 5.40421009063721E-0001
 8.58200013637543E-0001
 3.00000000000000E+0001
-1.09400815963745E+0001
 8.58199000358582E-0001
 2.77163867950439E+0001
-1.00661802291870E+0001
-3.53519892692566E+0000
 2.77163867950439E+0001
 5.40421009063721E-0001
 8.58200013637543E-0001
 3.00000000000000E+0001
-1.00661802291870E+0001
-3.53519892692566E+0000
 2.77163867950439E+0001
-7.57751893997192E+0000
-7.25974321365356E+0000
 2.77163867950439E+0001
 5.40421009063721E-0001
 8.58200013637543E-0001
 3.00000000000000E+0001
-7.57751893997192E+0000
-7.25974321365356E+0000
 2.77163867950439E+0001
-3.85297489166260E+0000
-9.74840259552002E+0000
 2.77163867950439E+0001
 5.40421009063721E-0001
 8.58200013637543E-0001
 3.00000000000000E+0001
-3.85297489166260E+0000
-9.74840259552002E+0000
 2.77163867950439E+0001
 5.40422976016998E-0001
-1.06223030090332E+0001
 2.77163867950439E+0001
 5.40421009063721E-0001
 8.58200013637543E-0001
 3.00000000000000E+0001
 5.40422976016998E-0001
-1.06223030090332E+0001
 2.77163867950439E+0001
 4.93382120132446E+0000
-9.74840068817139E+0000
 2.77163867950439E+0001
 5.40421009063721E-0001
 8.58200013637543E-0001
 3.00000000000000E+0001
 4.93382120132446E+0000
-9.74840068817139E+0000
 2.77163867950439E+0001
 8.65836429595947E+0000
-7.25973987579346E+0000
 2.77163867950439E+0001
 5.40421009063721E-0001
 8.58200013637543E-0001
 3.00000000000000E+0001
 8.65836429595947E+0000
-7.25973987579346E+0000
 2.77163867950439E+0001
 1.11470241546630E+0001
-3.53519606590271E+0000
 2.77163867950439E+0001
 5.40421009063721E-0001
 8.58200013637543E-0001
 3.00000000000000E+0001
 1.11470241546630E+0001
-3.53519606590271E+0000
 2.77163867950439E+0001
 1.20209245681762E+0001
 8.58201980590820E-0001
 2.77163867950439E+0001
 5.40421009063721E-0001
 8.58200013637543E-0001
 3.00000000000000E+0001
 1.20209245681762E+0001
 8.58201980590820E-0001
 2.77163867950439E+0001
 1.11470222473144E+0001
 5.25159978866577E+0000
 2.77163867950439E+0001
 5.40421009063721E-0001
 8.58200013637543E-0001
 3.00000000000000E+0001
 1.11470222473144E+0001
 5.25159978866577E+0000
 2.77163867950439E+0001
 8.65836143493652E+0000
 8.97614288330078E+0000
 2.77163867950439E+0001
 5.40421009063721E-0001
 8.58200013637543E-0001
 3.00000000000000E+0001
 8.65836143493652E+0000
 8.97614288330078E+0000
 2.77163867950439E+0001
 4.93381690979004E+0000
 1.14648027420043E+0001
 2.77163867950439E+0001
 5.40421009063721E-0001
 8.58200013637543E-0001
 3.00000000000000E+0001
 4.93381690979004E+0000
 1.14648027420043E+0001
 2.77163867950439E+0001
 5.40421009063721E-0001
 1.23387031555175E+0001
 2.77163867950439E+0001
 5.40421009063721E-0001
 1.23387031555175E+0001
 2.77163867950439E+0001
 5.40419995784760E-0001
 2.20714035034180E+0001
 2.12132034301758E+0001
-7.57752084732056E+0000
 2.04566440582275E+0001
 2.12132034301758E+0001
 5.40421009063721E-0001
 1.23387031555175E+0001
 2.77163867950439E+0001
-7.57752084732056E+0000
 2.04566440582275E+0001
 2.12132034301758E+0001
-3.85297703742981E+0000
 1.14648017883300E+0001
 2.77163867950439E+0001
-3.85297703742981E+0000
 1.14648017883300E+0001
 2.77163867950439E+0001
-7.57752084732056E+0000
 2.04566440582275E+0001
 2.12132034301758E+0001
-1.44595794677734E+0001
 1.58581991195678E+0001
 2.12132034301758E+0001
-3.85297703742981E+0000
 1.14648017883300E+0001
 2.77163867950439E+0001
-1.44595794677734E+0001
 1.58581991195678E+0001
 2.12132034301758E+0001
-7.57751989364624E+0000
 8.97614097595215E+0000
 2.77163867950439E+0001
-7.57751989364624E+0000
 8.97614097595215E+0000
 2.77163867950439E+0001
-1.44595794677734E+0001
 1.58581991195678E+0001
 2.12132034301758E+0001
-1.90580253601074E+0001
 8.97614002227783E+0000
 2.12132034301758E+0001
-7.57751989364624E+0000
 8.97614097595215E+0000
 2.77163867950439E+0001
-1.90580253601074E+0001
 8.97614002227783E+0000
 2.12132034301758E+0001
-1.00661802291870E+0001
 5.25159692764282E+0000
 2.77163867950439E+0001
-1.00661802291870E+0001
 5.25159692764282E+0000
 2.77163867950439E+0001
-1.90580253601074E+0001
 8.97614002227783E+0000
 2.12132034301758E+0001
-2.06727828979492E+0001
 8.58197987079620E-0001
 2.12132034301758E+0001
-1.00661802291870E+0001
 5.25159692764282E+0000
 2.77163867950439E+0001
-2.06727828979492E+0001
 8.58197987079620E-0001
 2.12132034301758E+0001
-1.09400815963745E+0001
 8.58199000358582E-0001
 2.77163867950439E+0001
-1.09400815963745E+0001
 8.58199000358582E-0001
 2.77163867950439E+0001
-2.06727828979492E+0001
 8.58197987079620E-0001
 2.12132034301758E+0001
-1.90580234527588E+0001
-7.25974416732788E+0000
 2.12132034301758E+0001
-1.09400815963745E+0001
 8.58199000358582E-0001
 2.77163867950439E+0001
-1.90580234527588E+0001
-7.25974416732788E+0000
 2.12132034301758E+0001
-1.00661802291870E+0001
-3.53519892692566E+0000
 2.77163867950439E+0001
-1.00661802291870E+0001
-3.53519892692566E+0000
 2.77163867950439E+0001
-1.90580234527588E+0001
-7.25974416732788E+0000
 2.12132034301758E+0001
-1.44595766067504E+0001
-1.41418018341064E+0001
 2.12132034301758E+0001
-1.00661802291870E+0001
-3.53519892692566E+0000
 2.77163867950439E+0001
-1.44595766067504E+0001
-1.41418018341064E+0001
 2.12132034301758E+0001
-7.57751893997192E+0000
-7.25974321365356E+0000
 2.77163867950439E+0001
-7.57751893997192E+0000
-7.25974321365356E+0000
 2.77163867950439E+0001
-1.44595766067504E+0001
-1.41418018341064E+0001
 2.12132034301758E+0001
-7.57751798629761E+0000
-1.87402458190918E+0001
 2.12132034301758E+0001
-7.57751893997192E+0000
-7.25974321365356E+0000
 2.77163867950439E+0001
-7.57751798629761E+0000
-1.87402458190918E+0001
 2.12132034301758E+0001
-3.85297489166260E+0000
-9.74840259552002E+0000
 2.77163867950439E+0001
-3.85297489166260E+0000
-9.74840259552002E+0000
 2.77163867950439E+0001
-7.57751798629761E+0000
-1.87402458190918E+0001
 2.12132034301758E+0001
 5.40423989295959E-0001
-2.03550033569336E+0001
 2.12132034301758E+0001
-3.85297489166260E+0000
-9.74840259552002E+0000
 2.77163867950439E+0001
 5.40423989295959E-0001
-2.03550033569336E+0001
 2.12132034301758E+0001
 5.40422976016998E-0001
-1.06223030090332E+0001
 2.77163867950439E+0001
 5.40422976016998E-0001
-1.06223030090332E+0001
 2.77163867950439E+0001
 5.40423989295959E-0001
-2.03550033569336E+0001
 2.12132034301758E+0001
 8.65836620330811E+0000
-1.87402439117432E+0001
 2.12132034301758E+0001
 5.40422976016998E-0001
-1.06223030090332E+0001
 2.77163867950439E+0001
 8.65836620330811E+0000
-1.87402439117432E+0001
 2.12132034301758E+0001
 4.93382120132446E+0000
-9.74840068817139E+0000
 2.77163867950439E+0001
 4.93382120132446E+0000
-9.74840068817139E+0000
 2.77163867950439E+0001
 8.65836620330811E+0000
-1.87402439117432E+0001
 2.12132034301758E+0001
 1.55404233932495E+0001
-1.41417980194091E+0001
 2.12132034301758E+0001
 4.93382120132446E+0000
-9.74840068817139E+0000
 2.77163867950439E+0001
 1.55404233932495E+0001
-1.41417980194091E+0001
 2.12132034301758E+0001
 8.65836429595947E+0000
-7.25973987579346E+0000
 2.77163867950439E+0001
 8.65836429595947E+0000
-7.25973987579346E+0000
 2.77163867950439E+0001
 1.55404233932495E+0001
-1.41417980194091E+0001
 2.12132034301758E+0001
 2.01388664245605E+0001
-7.25973796844482E+0000
 2.12132034301758E+0001
 8.65836429595947E+0000
-7.25973987579346E+0000
 2.77163867950439E+0001
 2.01388664245605E+0001
-7.25973796844482E+0000
 2.12132034301758E+0001
 1.11470241546630E+0001
-3.53519606590271E+0000
 2.77163867950439E+0001
 1.11470241546630E+0001
-3.53519606590271E+0000
 2.77163867950439E+0001
 2.01388664245605E+0001
-7.25973796844482E+0000
 2.12132034301758E+0001
 2.17536239624023E+0001
 8.58204007148743E-0001
 2.12132034301758E+0001
 1.11470241546630E+0001
-3.53519606590271E+0000
 2.77163867950439E+0001
 2.17536239624023E+0001
 8.58204007148743E-0001
 2.12132034301758E+0001
 1.20209245681762E+0001
 8.58201980590820E-0001
 2.77163867950439E+0001
 1.20209245681762E+0001
 8.58201980590820E-0001
 2.77163867950439E+0001
 2.17536239624023E+0001
 8.58204007148743E-0001
 2.12132034301758E+0001
 2.01388626098633E+0001
 8.97614479064941E+0000
 2.12132034301758E+0001
 1.20209245681762E+0001
 8.58201980590820E-0001
 2.77163867950439E+0001
 2.01388626098633E+0001
 8.97614479064941E+0000
 2.12132034301758E+0001
 1.11470222473144E+0001
 5.25159978866577E+0000
 2.77163867950439E+0001
 1.11470222473144E+0001
 5.25159978866577E+0000
 2.77163867950439E+0001
 2.01388626098633E+0001
 8.97614479064941E+0000
 2.12132034301758E+0001
 1.55404186248779E+0001
 1.58582029342651E+0001
 2.12132034301758E+0001
 1.11470222473144E+0001
 5.25159978866577E+0000
 2.77163867950439E+0001
 1.55404186248779E+0001
 1.58582029342651E+0001
 2.12132034301758E+0001
 8.65836143493652E+0000
 8.97614288330078E+0000
 2.77163867950439E+0001
 8.65836143493652E+0000
 8.97614288330078E+0000
 2.77163867950439E+0001
 1.55404186248779E+0001
 1.58582029342651E+0001
 2.12132034301758E+0001
 8.65835857391357E+0000
 2.04566459655762E+0001
 2.12132034301758E+0001
 8.65836143493652E+0000
 8.97614288330078E+0000
 2.77163867950439E+0001
 8.65835857391357E+0000
 2.04566459655762E+0001
 2.12132034301758E+0001
 4.93381690979004E+0000
 1.14648027420043E+0001
 2.77163867950439E+0001
 4.93381690979004E+0000
 1.14648027420043E+0001
 2.77163867950439E+0001
 8.65835857391357E+0000
 2.04566459655762E+0001
 2.12132034301758E+0001
 5.40419995784760E-0001
 2.20714035034180E+0001
 2.12132034301758E+0001
 4.93381690979004E+0000
 1.14648027420043E+0001
 2.77163867950439E+0001
 5.40419995784760E-0001
 2.20714035034180E+0001
 2.12132034301758E+0001
 5.40421009063721E-0001
 1.23387031555175E+0001
 2.77163867950439E+0001
 5.40419995784760E-0001
 2.20714035034180E+0001
 2.12132034301758E+0001
 5.40419995784760E-0001
 2.85745868682861E+0001
 1.14805021286010E+0001
-1.00661821365356E+0001
 2.64648017883301E+0001
 1.14805021286010E+0001
 5.40419995784760E-0001
 2.20714035034180E+0001
 2.12132034301758E+0001
-1.00661821365356E+0001
 2.64648017883301E+0001
 1.14805021286010E+0001
-7.57752084732056E+0000
 2.04566440582275E+0001
 2.12132034301758E+0001
-7.57752084732056E+0000
 2.04566440582275E+0001
 2.12132034301758E+0001
-1.00661821365356E+0001
 2.64648017883301E+0001
 1.14805021286010E+0001
-1.90580253601074E+0001
 2.04566440582275E+0001
 1.14805021286010E+0001
-7.57752084732056E+0000
 2.04566440582275E+0001
 2.12132034301758E+0001
-1.90580253601074E+0001
 2.04566440582275E+0001
 1.14805021286010E+0001
-1.44595794677734E+0001
 1.58581991195678E+0001
 2.12132034301758E+0001
-1.44595794677734E+0001
 1.58581991195678E+0001
 2.12132034301758E+0001
-1.90580253601074E+0001
 2.04566440582275E+0001
 1.14805021286010E+0001
-2.50661830902100E+0001
 1.14647998809814E+0001
 1.14805021286010E+0001
-1.44595794677734E+0001
 1.58581991195678E+0001
 2.12132034301758E+0001
-2.50661830902100E+0001
 1.14647998809814E+0001
 1.14805021286010E+0001
-1.90580253601074E+0001
 8.97614002227783E+0000
 2.12132034301758E+0001
-1.90580253601074E+0001
 8.97614002227783E+0000
 2.12132034301758E+0001
-2.50661830902100E+0001
 1.14647998809814E+0001
 1.14805021286010E+0001
-2.71759662628174E+0001
 8.58197987079620E-0001
 1.14805021286010E+0001
-1.90580253601074E+0001
 8.97614002227783E+0000
 2.12132034301758E+0001
-2.71759662628174E+0001
 8.58197987079620E-0001
 1.14805021286010E+0001
-2.06727828979492E+0001
 8.58197987079620E-0001
 2.12132034301758E+0001
-2.06727828979492E+0001
 8.58197987079620E-0001
 2.12132034301758E+0001
-2.71759662628174E+0001
 8.58197987079620E-0001
 1.14805021286010E+0001
-2.50661811828613E+0001
-9.74840545654297E+0000
 1.14805021286010E+0001
-2.06727828979492E+0001
 8.58197987079620E-0001
 2.12132034301758E+0001
-2.50661811828613E+0001
-9.74840545654297E+0000
 1.14805021286010E+0001
-1.90580234527588E+0001
-7.25974416732788E+0000
 2.12132034301758E+0001
-1.90580234527588E+0001
-7.25974416732788E+0000
 2.12132034301758E+0001
-2.50661811828613E+0001
-9.74840545654297E+0000
 1.14805021286010E+0001
-1.90580215454102E+0001
-1.87402477264404E+0001
 1.14805021286010E+0001
-1.90580234527588E+0001
-7.25974416732788E+0000
 2.12132034301758E+0001
-1.90580215454102E+0001
-1.87402477264404E+0001
 1.14805021286010E+0001
-1.44595766067504E+0001
-1.41418018341064E+0001
 2.12132034301758E+0001
-1.44595766067504E+0001
-1.41418018341064E+0001
 2.12132034301758E+0001
-1.90580215454102E+0001
-1.87402477264404E+0001
 1.14805021286010E+0001
-1.00661773681640E+0001
-2.47484035491943E+0001
 1.14805021286010E+0001
-1.44595766067504E+0001
-1.41418018341064E+0001
 2.12132034301758E+0001
-1.00661773681640E+0001
-2.47484035491943E+0001
 1.14805021286010E+0001
-7.57751798629761E+0000
-1.87402458190918E+0001
 2.12132034301758E+0001
-7.57751798629761E+0000
-1.87402458190918E+0001
 2.12132034301758E+0001
-1.00661773681640E+0001
-2.47484035491943E+0001
 1.14805021286010E+0001
 5.40425002574921E-0001
-2.68581867218018E+0001
 1.14805021286010E+0001
-7.57751798629761E+0000
-1.87402458190918E+0001
 2.12132034301758E+0001
 5.40425002574921E-0001
-2.68581867218018E+0001
 1.14805021286010E+0001
 5.40423989295959E-0001
-2.03550033569336E+0001
 2.12132034301758E+0001
 5.40423989295959E-0001
-2.03550033569336E+0001
 2.12132034301758E+0001
 5.40425002574921E-0001
-2.68581867218018E+0001
 1.14805021286010E+0001
 1.11470270156860E+0001
-2.47484016418457E+0001
 1.14805021286010E+0001
 5.40423989295959E-0001
-2.03550033569336E+0001
 2.12132034301758E+0001
 1.11470270156860E+0001
-2.47484016418457E+0001
 1.14805021286010E+0001
 8.65836620330811E+0000
-1.87402439117432E+0001
 2.12132034301758E+0001
 8.65836620330811E+0000
-1.87402439117432E+0001
 2.12132034301758E+0001
 1.11470270156860E+0001
-2.47484016418457E+0001
 1.14805021286010E+0001
 2.01388683319092E+0001
-1.87402420043945E+0001
 1.14805021286010E+0001
 8.65836620330811E+0000
-1.87402439117432E+0001
 2.12132034301758E+0001
 2.01388683319092E+0001
-1.87402420043945E+0001
 1.14805021286010E+0001
 1.55404233932495E+0001
-1.41417980194091E+0001
 2.12132034301758E+0001
 1.55404233932495E+0001
-1.41417980194091E+0001
 2.12132034301758E+0001
 2.01388683319092E+0001
-1.87402420043945E+0001
 1.14805021286010E+0001
 2.61470241546631E+0001
-9.74839782714844E+0000
 1.14805021286010E+0001
 1.55404233932495E+0001
-1.41417980194091E+0001
 2.12132034301758E+0001
 2.61470241546631E+0001
-9.74839782714844E+0000
 1.14805021286010E+0001
 2.01388664245605E+0001
-7.25973796844482E+0000
 2.12132034301758E+0001
 2.01388664245605E+0001
-7.25973796844482E+0000
 2.12132034301758E+0001
 2.61470241546631E+0001
-9.74839782714844E+0000
 1.14805021286010E+0001
 2.82568073272705E+0001
 8.58205020427704E-0001
 1.14805021286010E+0001
 2.01388664245605E+0001
-7.25973796844482E+0000
 2.12132034301758E+0001
 2.82568073272705E+0001
 8.58205020427704E-0001
 1.14805021286010E+0001
 2.17536239624023E+0001
 8.58204007148743E-0001
 2.12132034301758E+0001
 2.17536239624023E+0001
 8.58204007148743E-0001
 2.12132034301758E+0001
 2.82568073272705E+0001
 8.58205020427704E-0001
 1.14805021286010E+0001
 2.61470203399658E+0001
 1.14648065567016E+0001
 1.14805021286010E+0001
 2.17536239624023E+0001
 8.58204007148743E-0001
 2.12132034301758E+0001
 2.61470203399658E+0001
 1.14648065567016E+0001
 1.14805021286010E+0001
 2.01388626098633E+0001
 8.97614479064941E+0000
 2.12132034301758E+0001
 2.01388626098633E+0001
 8.97614479064941E+0000
 2.12132034301758E+0001
 2.61470203399658E+0001
 1.14648065567016E+0001
 1.14805021286010E+0001
 2.01388626098633E+0001
 2.04566497802734E+0001
 1.14805021286010E+0001
 2.01388626098633E+0001
 8.97614479064941E+0000
 2.12132034301758E+0001
 2.01388626098633E+0001
 2.04566497802734E+0001
 1.14805021286010E+0001
 1.55404186248779E+0001
 1.58582029342651E+0001
 2.12132034301758E+0001
 1.55404186248779E+0001
 1.58582029342651E+0001
 2.12132034301758E+0001
 2.01388626098633E+0001
 2.04566497802734E+0001
 1.14805021286010E+0001
 1.11470184326171E+0001
 2.64648056030273E+0001
 1.14805021286010E+0001
 1.55404186248779E+0001
 1.58582029342651E+0001
 2.12132034301758E+0001
 1.11470184326171E+0001
 2.64648056030273E+0001
 1.14805021286010E+0001
 8.65835857391357E+0000
 2.04566459655762E+0001
 2.12132034301758E+0001
 8.65835857391357E+0000
 2.04566459655762E+0001
 2.12132034301758E+0001
 1.11470184326171E+0001
 2.64648056030273E+0001
 1.14805021286010E+0001
 5.40419995784760E-0001
 2.85745868682861E+0001
 1.14805021286010E+0001
 8.65835857391357E+0000
 2.04566459655762E+0001
 2.12132034301758E+0001
 5.40419995784760E-0001
 2.85745868682861E+0001
 1.14805021286010E+0001
 5.40419995784760E-0001
 2.20714035034180E+0001
 2.12132034301758E+0001
 5.40419995784760E-0001
 2.85745868682861E+0001
 1.14805021286010E+0001
 5.40419995784760E-0001
 3.08582000732422E+0001
-9.99999997475243E-0007
-1.09400825500488E+0001
 2.85745849609375E+0001
-9.99999997475243E-0007
 5.40419995784760E-0001
 2.85745868682861E+0001
 1.14805021286010E+0001
-1.09400825500488E+0001
 2.85745849609375E+0001
-9.99999997475243E-0007
-1.00661821365356E+0001
 2.64648017883301E+0001
 1.14805021286010E+0001
-1.00661821365356E+0001
 2.64648017883301E+0001
 1.14805021286010E+0001
-1.09400825500488E+0001
 2.85745849609375E+0001
-9.99999997475243E-0007
-2.06727848052979E+0001
 2.20714015960693E+0001
-9.99999997475243E-0007
-1.00661821365356E+0001
 2.64648017883301E+0001
 1.14805021286010E+0001
-2.06727848052979E+0001
 2.20714015960693E+0001
-9.99999997475243E-0007
-1.90580253601074E+0001
 2.04566440582275E+0001
 1.14805021286010E+0001
-1.90580253601074E+0001
 2.04566440582275E+0001
 1.14805021286010E+0001
-2.06727848052979E+0001
 2.20714015960693E+0001
-9.99999997475243E-0007
-2.71759662628174E+0001
 1.23387012481689E+0001
-9.99999997475243E-0007
-1.90580253601074E+0001
 2.04566440582275E+0001
 1.14805021286010E+0001
-2.71759662628174E+0001
 1.23387012481689E+0001
-9.99999997475243E-0007
-2.50661830902100E+0001
 1.14647998809814E+0001
 1.14805021286010E+0001
-2.50661830902100E+0001
 1.14647998809814E+0001
 1.14805021286010E+0001
-2.71759662628174E+0001
 1.23387012481689E+0001
-9.99999997475243E-0007
-2.94595794677734E+0001
 8.58196973800659E-0001
-9.99999997475243E-0007
-2.50661830902100E+0001
 1.14647998809814E+0001
 1.14805021286010E+0001
-2.94595794677734E+0001
 8.58196973800659E-0001
-9.99999997475243E-0007
-2.71759662628174E+0001
 8.58197987079620E-0001
 1.14805021286010E+0001
-2.71759662628174E+0001
 8.58197987079620E-0001
 1.14805021286010E+0001
-2.94595794677734E+0001
 8.58196973800659E-0001
-9.99999997475243E-0007
-2.71759643554688E+0001
-1.06223058700561E+0001
-9.99999997475243E-0007
-2.71759662628174E+0001
 8.58197987079620E-0001
 1.14805021286010E+0001
-2.71759643554688E+0001
-1.06223058700561E+0001
-9.99999997475243E-0007
-2.50661811828613E+0001
-9.74840545654297E+0000
 1.14805021286010E+0001
-2.50661811828613E+0001
-9.74840545654297E+0000
 1.14805021286010E+0001
-2.71759643554688E+0001
-1.06223058700561E+0001
-9.99999997475243E-0007
-2.06727809906006E+0001
-2.03550052642822E+0001
-9.99999997475243E-0007
-2.50661811828613E+0001
-9.74840545654297E+0000
 1.14805021286010E+0001
-2.06727809906006E+0001
-2.03550052642822E+0001
-9.99999997475243E-0007
-1.90580215454102E+0001
-1.87402477264404E+0001
 1.14805021286010E+0001
-1.90580215454102E+0001
-1.87402477264404E+0001
 1.14805021286010E+0001
-2.06727809906006E+0001
-2.03550052642822E+0001
-9.99999997475243E-0007
-1.09400777816772E+0001
-2.68581867218018E+0001
-9.99999997475243E-0007
-1.90580215454102E+0001
-1.87402477264404E+0001
 1.14805021286010E+0001
-1.09400777816772E+0001
-2.68581867218018E+0001
-9.99999997475243E-0007
-1.00661773681640E+0001
-2.47484035491943E+0001
 1.14805021286010E+0001
-1.00661773681640E+0001
-2.47484035491943E+0001
 1.14805021286010E+0001
-1.09400777816772E+0001
-2.68581867218018E+0001
-9.99999997475243E-0007
 5.40425002574921E-0001
-2.91417999267578E+0001
-9.99999997475243E-0007
-1.00661773681640E+0001
-2.47484035491943E+0001
 1.14805021286010E+0001
 5.40425002574921E-0001
-2.91417999267578E+0001
-9.99999997475243E-0007
 5.40425002574921E-0001
-2.68581867218018E+0001
 1.14805021286010E+0001
 5.40425002574921E-0001
-2.68581867218018E+0001
 1.14805021286010E+0001
 5.40425002574921E-0001
-2.91417999267578E+0001
-9.99999997475243E-0007
 1.20209283828735E+0001
-2.68581848144531E+0001
-9.99999997475243E-0007
 5.40425002574921E-0001
-2.68581867218018E+0001
 1.14805021286010E+0001
 1.20209283828735E+0001
-2.68581848144531E+0001
-9.99999997475243E-0007
 1.11470270156860E+0001
-2.47484016418457E+0001
 1.14805021286010E+0001
 1.11470270156860E+0001
-2.47484016418457E+0001
 1.14805021286010E+0001
 1.20209283828735E+0001
-2.68581848144531E+0001
-9.99999997475243E-0007
 2.17536277770996E+0001
-2.03549995422363E+0001
-9.99999997475243E-0007
 1.11470270156860E+0001
-2.47484016418457E+0001
 1.14805021286010E+0001
 2.17536277770996E+0001
-2.03549995422363E+0001
-9.99999997475243E-0007
 2.01388683319092E+0001
-1.87402420043945E+0001
 1.14805021286010E+0001
 2.01388683319092E+0001
-1.87402420043945E+0001
 1.14805021286010E+0001
 2.17536277770996E+0001
-2.03549995422363E+0001
-9.99999997475243E-0007
 2.82568092346191E+0001
-1.06222982406616E+0001
-9.99999997475243E-0007
 2.01388683319092E+0001
-1.87402420043945E+0001
 1.14805021286010E+0001
 2.82568092346191E+0001
-1.06222982406616E+0001
-9.99999997475243E-0007
 2.61470241546631E+0001
-9.74839782714844E+0000
 1.14805021286010E+0001
 2.61470241546631E+0001
-9.74839782714844E+0000
 1.14805021286010E+0001
 2.82568092346191E+0001
-1.06222982406616E+0001
-9.99999997475243E-0007
 3.05404205322266E+0001
 8.58205020427704E-0001
-9.99999997475243E-0007
 2.61470241546631E+0001
-9.74839782714844E+0000
 1.14805021286010E+0001
 3.05404205322266E+0001
 8.58205020427704E-0001
-9.99999997475243E-0007
 2.82568073272705E+0001
 8.58205020427704E-0001
 1.14805021286010E+0001
 2.82568073272705E+0001
 8.58205020427704E-0001
 1.14805021286010E+0001
 3.05404205322266E+0001
 8.58205020427704E-0001
-9.99999997475243E-0007
 2.82568035125732E+0001
 1.23387079238891E+0001
-9.99999997475243E-0007
 2.82568073272705E+0001
 8.58205020427704E-0001
 1.14805021286010E+0001
 2.82568035125732E+0001
 1.23387079238891E+0001
-9.99999997475243E-0007
 2.61470203399658E+0001
 1.14648065567016E+0001
 1.14805021286010E+0001
 2.61470203399658E+0001
 1.14648065567016E+0001
 1.14805021286010E+0001
 2.82568035125732E+0001
 1.23387079238891E+0001
-9.99999997475243E-0007
 2.17536201477051E+0001
 2.20714073181152E+0001
-9.99999997475243E-0007
 2.61470203399658E+0001
 1.14648065567016E+0001
 1.14805021286010E+0001
 2.17536201477051E+0001
 2.20714073181152E+0001
-9.99999997475243E-0007
 2.01388626098633E+0001
 2.04566497802734E+0001
 1.14805021286010E+0001
 2.01388626098633E+0001
 2.04566497802734E+0001
 1.14805021286010E+0001
 2.17536201477051E+0001
 2.20714073181152E+0001
-9.99999997475243E-0007
 1.20209188461303E+0001
 2.85745887756348E+0001
-9.99999997475243E-0007
 2.01388626098633E+0001
 2.04566497802734E+0001
 1.14805021286010E+0001
 1.20209188461303E+0001
 2.85745887756348E+0001
-9.99999997475243E-0007
 1.11470184326171E+0001
 2.64648056030273E+0001
 1.14805021286010E+0001
 1.11470184326171E+0001
 2.64648056030273E+0001
 1.14805021286010E+0001
 1.20209188461303E+0001
 2.85745887756348E+0001
-9.99999997475243E-0007
 5.40419995784760E-0001
 3.08582000732422E+0001
-9.99999997475243E-0007
 1.11470184326171E+0001
 2.64648056030273E+0001
 1.14805021286010E+0001
 5.40419995784760E-0001
 3.08582000732422E+0001
-9.99999997475243E-0007
 5.40419995784760E-0001
 2.85745868682861E+0001
 1.14805021286010E+0001
 5.40419995784760E-0001
 3.08582000732422E+0001
-9.99999997475243E-0007
 5.40419995784760E-0001
 2.85745849609375E+0001
-1.14805040359497E+0001
-1.00661811828613E+0001
 2.64647998809814E+0001
-1.14805040359497E+0001
 5.40419995784760E-0001
 3.08582000732422E+0001
-9.99999997475243E-0007
-1.00661811828613E+0001
 2.64647998809814E+0001
-1.14805040359497E+0001
-1.09400825500488E+0001
 2.85745849609375E+0001
-9.99999997475243E-0007
-1.09400825500488E+0001
 2.85745849609375E+0001
-9.99999997475243E-0007
-1.00661811828613E+0001
 2.64647998809814E+0001
-1.14805040359497E+0001
-1.90580253601074E+0001
 2.04566421508789E+0001
-1.14805040359497E+0001
-1.09400825500488E+0001
 2.85745849609375E+0001
-9.99999997475243E-0007
-1.90580253601074E+0001
 2.04566421508789E+0001
-1.14805040359497E+0001
-2.06727848052979E+0001
 2.20714015960693E+0001
-9.99999997475243E-0007
-2.06727848052979E+0001
 2.20714015960693E+0001
-9.99999997475243E-0007
-1.90580253601074E+0001
 2.04566421508789E+0001
-1.14805040359497E+0001
-2.50661811828613E+0001
 1.14647998809814E+0001
-1.14805040359497E+0001
-2.06727848052979E+0001
 2.20714015960693E+0001
-9.99999997475243E-0007
-2.50661811828613E+0001
 1.14647998809814E+0001
-1.14805040359497E+0001
-2.71759662628174E+0001
 1.23387012481689E+0001
-9.99999997475243E-0007
-2.71759662628174E+0001
 1.23387012481689E+0001
-9.99999997475243E-0007
-2.50661811828613E+0001
 1.14647998809814E+0001
-1.14805040359497E+0001
-2.71759643554688E+0001
 8.58197987079620E-0001
-1.14805040359497E+0001
-2.71759662628174E+0001
 1.23387012481689E+0001
-9.99999997475243E-0007
-2.71759643554688E+0001
 8.58197987079620E-0001
-1.14805040359497E+0001
-2.94595794677734E+0001
 8.58196973800659E-0001
-9.99999997475243E-0007
-2.94595794677734E+0001
 8.58196973800659E-0001
-9.99999997475243E-0007
-2.71759643554688E+0001
 8.58197987079620E-0001
-1.14805040359497E+0001
-2.50661792755127E+0001
-9.74840354919434E+0000
-1.14805040359497E+0001
-2.94595794677734E+0001
 8.58196973800659E-0001
-9.99999997475243E-0007
-2.50661792755127E+0001
-9.74840354919434E+0000
-1.14805040359497E+0001
-2.71759643554688E+0001
-1.06223058700561E+0001
-9.99999997475243E-0007
-2.71759643554688E+0001
-1.06223058700561E+0001
-9.99999997475243E-0007
-2.50661792755127E+0001
-9.74840354919434E+0000
-1.14805040359497E+0001
-1.90580215454102E+0001
-1.87402458190918E+0001
-1.14805040359497E+0001
-2.71759643554688E+0001
-1.06223058700561E+0001
-9.99999997475243E-0007
-1.90580215454102E+0001
-1.87402458190918E+0001
-1.14805040359497E+0001
-2.06727809906006E+0001
-2.03550052642822E+0001
-9.99999997475243E-0007
-2.06727809906006E+0001
-2.03550052642822E+0001
-9.99999997475243E-0007
-1.90580215454102E+0001
-1.87402458190918E+0001
-1.14805040359497E+0001
-1.00661764144897E+0001
-2.47484016418457E+0001
-1.14805040359497E+0001
-2.06727809906006E+0001
-2.03550052642822E+0001
-9.99999997475243E-0007
-1.00661764144897E+0001
-2.47484016418457E+0001
-1.14805040359497E+0001
-1.09400777816772E+0001
-2.68581867218018E+0001
-9.99999997475243E-0007
-1.09400777816772E+0001
-2.68581867218018E+0001
-9.99999997475243E-0007
-1.00661764144897E+0001
-2.47484016418457E+0001
-1.14805040359497E+0001
 5.40425002574921E-0001
-2.68581848144531E+0001
-1.14805040359497E+0001
-1.09400777816772E+0001
-2.68581867218018E+0001
-9.99999997475243E-0007
 5.40425002574921E-0001
-2.68581848144531E+0001
-1.14805040359497E+0001
 5.40425002574921E-0001
-2.91417999267578E+0001
-9.99999997475243E-0007
 5.40425002574921E-0001
-2.91417999267578E+0001
-9.99999997475243E-0007
 5.40425002574921E-0001
-2.68581848144531E+0001
-1.14805040359497E+0001
 1.11470260620117E+0001
-2.47483997344971E+0001
-1.14805040359497E+0001
 5.40425002574921E-0001
-2.91417999267578E+0001
-9.99999997475243E-0007
 1.11470260620117E+0001
-2.47483997344971E+0001
-1.14805040359497E+0001
 1.20209283828735E+0001
-2.68581848144531E+0001
-9.99999997475243E-0007
 1.20209283828735E+0001
-2.68581848144531E+0001
-9.99999997475243E-0007
 1.11470260620117E+0001
-2.47483997344971E+0001
-1.14805040359497E+0001
 2.01388664245605E+0001
-1.87402400970459E+0001
-1.14805040359497E+0001
 1.20209283828735E+0001
-2.68581848144531E+0001
-9.99999997475243E-0007
 2.01388664245605E+0001
-1.87402400970459E+0001
-1.14805040359497E+0001
 2.17536277770996E+0001
-2.03549995422363E+0001
-9.99999997475243E-0007
 2.17536277770996E+0001
-2.03549995422363E+0001
-9.99999997475243E-0007
 2.01388664245605E+0001
-1.87402400970459E+0001
-1.14805040359497E+0001
 2.61470222473145E+0001
-9.74839687347412E+0000
-1.14805040359497E+0001
 2.17536277770996E+0001
-2.03549995422363E+0001
-9.99999997475243E-0007
 2.61470222473145E+0001
-9.74839687347412E+0000
-1.14805040359497E+0001
 2.82568092346191E+0001
-1.06222982406616E+0001
-9.99999997475243E-0007
 2.82568092346191E+0001
-1.06222982406616E+0001
-9.99999997475243E-0007
 2.61470222473145E+0001
-9.74839687347412E+0000
-1.14805040359497E+0001
 2.82568054199219E+0001
 8.58205020427704E-0001
-1.14805040359497E+0001
 2.82568092346191E+0001
-1.06222982406616E+0001
-9.99999997475243E-0007
 2.82568054199219E+0001
 8.58205020427704E-0001
-1.14805040359497E+0001
 3.05404205322266E+0001
 8.58205020427704E-0001
-9.99999997475243E-0007
 3.05404205322266E+0001
 8.58205020427704E-0001
-9.99999997475243E-0007
 2.82568054199219E+0001
 8.58205020427704E-0001
-1.14805040359497E+0001
 2.61470184326172E+0001
 1.14648065567016E+0001
-1.14805040359497E+0001
 3.05404205322266E+0001
 8.58205020427704E-0001
-9.99999997475243E-0007
 2.61470184326172E+0001
 1.14648065567016E+0001
-1.14805040359497E+0001
 2.82568035125732E+0001
 1.23387079238891E+0001
-9.99999997475243E-0007
 2.82568035125732E+0001
 1.23387079238891E+0001
-9.99999997475243E-0007
 2.61470184326172E+0001
 1.14648065567016E+0001
-1.14805040359497E+0001
 2.01388607025146E+0001
 2.04566478729248E+0001
-1.14805040359497E+0001
 2.82568035125732E+0001
 1.23387079238891E+0001
-9.99999997475243E-0007
 2.01388607025146E+0001
 2.04566478729248E+0001
-1.14805040359497E+0001
 2.17536201477051E+0001
 2.20714073181152E+0001
-9.99999997475243E-0007
 2.17536201477051E+0001
 2.20714073181152E+0001
-9.99999997475243E-0007
 2.01388607025146E+0001
 2.04566478729248E+0001
-1.14805040359497E+0001
 1.11470165252685E+0001
 2.64648036956787E+0001
-1.14805040359497E+0001
 2.17536201477051E+0001
 2.20714073181152E+0001
-9.99999997475243E-0007
 1.11470165252685E+0001
 2.64648036956787E+0001
-1.14805040359497E+0001
 1.20209188461303E+0001
 2.85745887756348E+0001
-9.99999997475243E-0007
 1.20209188461303E+0001
 2.85745887756348E+0001
-9.99999997475243E-0007
 1.11470165252685E+0001
 2.64648036956787E+0001
-1.14805040359497E+0001
 5.40419995784760E-0001
 2.85745849609375E+0001
-1.14805040359497E+0001
 1.20209188461303E+0001
 2.85745887756348E+0001
-9.99999997475243E-0007
 5.40419995784760E-0001
 2.85745849609375E+0001
-1.14805040359497E+0001
 5.40419995784760E-0001
 3.08582000732422E+0001
-9.99999997475243E-0007
 5.40419995784760E-0001
 2.85745849609375E+0001
-1.14805040359497E+0001
 5.40419995784760E-0001
 2.20714015960693E+0001
-2.12132053375244E+0001
-7.57751989364624E+0000
 2.04566421508789E+0001
-2.12132053375244E+0001
 5.40419995784760E-0001
 2.85745849609375E+0001
-1.14805040359497E+0001
-7.57751989364624E+0000
 2.04566421508789E+0001
-2.12132053375244E+0001
-1.00661811828613E+0001
 2.64647998809814E+0001
-1.14805040359497E+0001
-1.00661811828613E+0001
 2.64647998809814E+0001
-1.14805040359497E+0001
-7.57751989364624E+0000
 2.04566421508789E+0001
-2.12132053375244E+0001
-1.44595794677734E+0001
 1.58581981658935E+0001
-2.12132053375244E+0001
-1.00661811828613E+0001
 2.64647998809814E+0001
-1.14805040359497E+0001
-1.44595794677734E+0001
 1.58581981658935E+0001
-2.12132053375244E+0001
-1.90580253601074E+0001
 2.04566421508789E+0001
-1.14805040359497E+0001
-1.90580253601074E+0001
 2.04566421508789E+0001
-1.14805040359497E+0001
-1.44595794677734E+0001
 1.58581981658935E+0001
-2.12132053375244E+0001
-1.90580234527588E+0001
 8.97613906860352E+0000
-2.12132053375244E+0001
-1.90580253601074E+0001
 2.04566421508789E+0001
-1.14805040359497E+0001
-1.90580234527588E+0001
 8.97613906860352E+0000
-2.12132053375244E+0001
-2.50661811828613E+0001
 1.14647998809814E+0001
-1.14805040359497E+0001
-2.50661811828613E+0001
 1.14647998809814E+0001
-1.14805040359497E+0001
-1.90580234527588E+0001
 8.97613906860352E+0000
-2.12132053375244E+0001
-2.06727809906006E+0001
 8.58197987079620E-0001
-2.12132053375244E+0001
-2.50661811828613E+0001
 1.14647998809814E+0001
-1.14805040359497E+0001
-2.06727809906006E+0001
 8.58197987079620E-0001
-2.12132053375244E+0001
-2.71759643554688E+0001
 8.58197987079620E-0001
-1.14805040359497E+0001
-2.71759643554688E+0001
 8.58197987079620E-0001
-1.14805040359497E+0001
-2.06727809906006E+0001
 8.58197987079620E-0001
-2.12132053375244E+0001
-1.90580215454102E+0001
-7.25974321365356E+0000
-2.12132053375244E+0001
-2.71759643554688E+0001
 8.58197987079620E-0001
-1.14805040359497E+0001
-1.90580215454102E+0001
-7.25974321365356E+0000
-2.12132053375244E+0001
-2.50661792755127E+0001
-9.74840354919434E+0000
-1.14805040359497E+0001
-2.50661792755127E+0001
-9.74840354919434E+0000
-1.14805040359497E+0001
-1.90580215454102E+0001
-7.25974321365356E+0000
-2.12132053375244E+0001
-1.44595756530761E+0001
-1.41417999267578E+0001
-2.12132053375244E+0001
-2.50661792755127E+0001
-9.74840354919434E+0000
-1.14805040359497E+0001
-1.44595756530761E+0001
-1.41417999267578E+0001
-2.12132053375244E+0001
-1.90580215454102E+0001
-1.87402458190918E+0001
-1.14805040359497E+0001
-1.90580215454102E+0001
-1.87402458190918E+0001
-1.14805040359497E+0001
-1.44595756530761E+0001
-1.41417999267578E+0001
-2.12132053375244E+0001
-7.57751703262329E+0000
-1.87402439117432E+0001
-2.12132053375244E+0001
-1.90580215454102E+0001
-1.87402458190918E+0001
-1.14805040359497E+0001
-7.57751703262329E+0000
-1.87402439117432E+0001
-2.12132053375244E+0001
-1.00661764144897E+0001
-2.47484016418457E+0001
-1.14805040359497E+0001
-1.00661764144897E+0001
-2.47484016418457E+0001
-1.14805040359497E+0001
-7.57751703262329E+0000
-1.87402439117432E+0001
-2.12132053375244E+0001
 5.40423989295959E-0001
-2.03550014495850E+0001
-2.12132053375244E+0001
-1.00661764144897E+0001
-2.47484016418457E+0001
-1.14805040359497E+0001
 5.40423989295959E-0001
-2.03550014495850E+0001
-2.12132053375244E+0001
 5.40425002574921E-0001
-2.68581848144531E+0001
-1.14805040359497E+0001
 5.40425002574921E-0001
-2.68581848144531E+0001
-1.14805040359497E+0001
 5.40423989295959E-0001
-2.03550014495850E+0001
-2.12132053375244E+0001
 8.65836524963379E+0000
-1.87402420043945E+0001
-2.12132053375244E+0001
 5.40425002574921E-0001
-2.68581848144531E+0001
-1.14805040359497E+0001
 8.65836524963379E+0000
-1.87402420043945E+0001
-2.12132053375244E+0001
 1.11470260620117E+0001
-2.47483997344971E+0001
-1.14805040359497E+0001
 1.11470260620117E+0001
-2.47483997344971E+0001
-1.14805040359497E+0001
 8.65836524963379E+0000
-1.87402420043945E+0001
-2.12132053375244E+0001
 1.55404224395752E+0001
-1.41417961120605E+0001
-2.12132053375244E+0001
 1.11470260620117E+0001
-2.47483997344971E+0001
-1.14805040359497E+0001
 1.55404224395752E+0001
-1.41417961120605E+0001
-2.12132053375244E+0001
 2.01388664245605E+0001
-1.87402400970459E+0001
-1.14805040359497E+0001
 2.01388664245605E+0001
-1.87402400970459E+0001
-1.14805040359497E+0001
 1.55404224395752E+0001
-1.41417961120605E+0001
-2.12132053375244E+0001
 2.01388645172119E+0001
-7.25973701477051E+0000
-2.12132053375244E+0001
 2.01388664245605E+0001
-1.87402400970459E+0001
-1.14805040359497E+0001
 2.01388645172119E+0001
-7.25973701477051E+0000
-2.12132053375244E+0001
 2.61470222473145E+0001
-9.74839687347412E+0000
-1.14805040359497E+0001
 2.61470222473145E+0001
-9.74839687347412E+0000
-1.14805040359497E+0001
 2.01388645172119E+0001
-7.25973701477051E+0000
-2.12132053375244E+0001
 2.17536220550537E+0001
 8.58204007148743E-0001
-2.12132053375244E+0001
 2.61470222473145E+0001
-9.74839687347412E+0000
-1.14805040359497E+0001
 2.17536220550537E+0001
 8.58204007148743E-0001
-2.12132053375244E+0001
 2.82568054199219E+0001
 8.58205020427704E-0001
-1.14805040359497E+0001
 2.82568054199219E+0001
 8.58205020427704E-0001
-1.14805040359497E+0001
 2.17536220550537E+0001
 8.58204007148743E-0001
-2.12132053375244E+0001
 2.01388626098633E+0001
 8.97614479064941E+0000
-2.12132053375244E+0001
 2.82568054199219E+0001
 8.58205020427704E-0001
-1.14805040359497E+0001
 2.01388626098633E+0001
 8.97614479064941E+0000
-2.12132053375244E+0001
 2.61470184326172E+0001
 1.14648065567016E+0001
-1.14805040359497E+0001
 2.61470184326172E+0001
 1.14648065567016E+0001
-1.14805040359497E+0001
 2.01388626098633E+0001
 8.97614479064941E+0000
-2.12132053375244E+0001
 1.55404167175293E+0001
 1.58582019805908E+0001
-2.12132053375244E+0001
 2.61470184326172E+0001
 1.14648065567016E+0001
-1.14805040359497E+0001
 1.55404167175293E+0001
 1.58582019805908E+0001
-2.12132053375244E+0001
 2.01388607025146E+0001
 2.04566478729248E+0001
-1.14805040359497E+0001
 2.01388607025146E+0001
 2.04566478729248E+0001
-1.14805040359497E+0001
 1.55404167175293E+0001
 1.58582019805908E+0001
-2.12132053375244E+0001
 8.65835857391357E+0000
 2.04566440582275E+0001
-2.12132053375244E+0001
 2.01388607025146E+0001
 2.04566478729248E+0001
-1.14805040359497E+0001
 8.65835857391357E+0000
 2.04566440582275E+0001
-2.12132053375244E+0001
 1.11470165252685E+0001
 2.64648036956787E+0001
-1.14805040359497E+0001
 1.11470165252685E+0001
 2.64648036956787E+0001
-1.14805040359497E+0001
 8.65835857391357E+0000
 2.04566440582275E+0001
-2.12132053375244E+0001
 5.40419995784760E-0001
 2.20714015960693E+0001
-2.12132053375244E+0001
 1.11470165252685E+0001
 2.64648036956787E+0001
-1.14805040359497E+0001
 5.40419995784760E-0001
 2.20714015960693E+0001
-2.12132053375244E+0001
 5.40419995784760E-0001
 2.85745849609375E+0001
-1.14805040359497E+0001
 5.40419995784760E-0001
 2.20714015960693E+0001
-2.12132053375244E+0001
 5.40421009063721E-0001
 1.23387012481689E+0001
-2.77163867950439E+0001
-3.85297703742981E+0000
 1.14647998809814E+0001
-2.77163867950439E+0001
 5.40419995784760E-0001
 2.20714015960693E+0001
-2.12132053375244E+0001
-3.85297703742981E+0000
 1.14647998809814E+0001
-2.77163867950439E+0001
-7.57751989364624E+0000
 2.04566421508789E+0001
-2.12132053375244E+0001
-7.57751989364624E+0000
 2.04566421508789E+0001
-2.12132053375244E+0001
-3.85297703742981E+0000
 1.14647998809814E+0001
-2.77163867950439E+0001
-7.57751893997192E+0000
 8.97614002227783E+0000
-2.77163867950439E+0001
-7.57751989364624E+0000
 2.04566421508789E+0001
-2.12132053375244E+0001
-7.57751893997192E+0000
 8.97614002227783E+0000
-2.77163867950439E+0001
-1.44595794677734E+0001
 1.58581981658935E+0001
-2.12132053375244E+0001
-1.44595794677734E+0001
 1.58581981658935E+0001
-2.12132053375244E+0001
-7.57751893997192E+0000
 8.97614002227783E+0000
-2.77163867950439E+0001
-1.00661792755127E+0001
 5.25159692764282E+0000
-2.77163867950439E+0001
-1.44595794677734E+0001
 1.58581981658935E+0001
-2.12132053375244E+0001
-1.00661792755127E+0001
 5.25159692764282E+0000
-2.77163867950439E+0001
-1.90580234527588E+0001
 8.97613906860352E+0000
-2.12132053375244E+0001
-1.90580234527588E+0001
 8.97613906860352E+0000
-2.12132053375244E+0001
-1.00661792755127E+0001
 5.25159692764282E+0000
-2.77163867950439E+0001
-1.09400796890258E+0001
 8.58199000358582E-0001
-2.77163867950439E+0001
-1.90580234527588E+0001
 8.97613906860352E+0000
-2.12132053375244E+0001
-1.09400796890258E+0001
 8.58199000358582E-0001
-2.77163867950439E+0001
-2.06727809906006E+0001
 8.58197987079620E-0001
-2.12132053375244E+0001
-2.06727809906006E+0001
 8.58197987079620E-0001
-2.12132053375244E+0001
-1.09400796890258E+0001
 8.58199000358582E-0001
-2.77163867950439E+0001
-1.00661783218383E+0001
-3.53519892692566E+0000
-2.77163867950439E+0001
-2.06727809906006E+0001
 8.58197987079620E-0001
-2.12132053375244E+0001
-1.00661783218383E+0001
-3.53519892692566E+0000
-2.77163867950439E+0001
-1.90580215454102E+0001
-7.25974321365356E+0000
-2.12132053375244E+0001
-1.90580215454102E+0001
-7.25974321365356E+0000
-2.12132053375244E+0001
-1.00661783218383E+0001
-3.53519892692566E+0000
-2.77163867950439E+0001
-7.57751798629761E+0000
-7.25974082946777E+0000
-2.77163867950439E+0001
-1.90580215454102E+0001
-7.25974321365356E+0000
-2.12132053375244E+0001
-7.57751798629761E+0000
-7.25974082946777E+0000
-2.77163867950439E+0001
-1.44595756530761E+0001
-1.41417999267578E+0001
-2.12132053375244E+0001
-1.44595756530761E+0001
-1.41417999267578E+0001
-2.12132053375244E+0001
-7.57751798629761E+0000
-7.25974082946777E+0000
-2.77163867950439E+0001
-3.85297489166260E+0000
-9.74840068817139E+0000
-2.77163867950439E+0001
-1.44595756530761E+0001
-1.41417999267578E+0001
-2.12132053375244E+0001
-3.85297489166260E+0000
-9.74840068817139E+0000
-2.77163867950439E+0001
-7.57751703262329E+0000
-1.87402439117432E+0001
-2.12132053375244E+0001
-7.57751703262329E+0000
-1.87402439117432E+0001
-2.12132053375244E+0001
-3.85297489166260E+0000
-9.74840068817139E+0000
-2.77163867950439E+0001
 5.40422976016998E-0001
-1.06223011016845E+0001
-2.77163867950439E+0001
-7.57751703262329E+0000
-1.87402439117432E+0001
-2.12132053375244E+0001
 5.40422976016998E-0001
-1.06223011016845E+0001
-2.77163867950439E+0001
 5.40423989295959E-0001
-2.03550014495850E+0001
-2.12132053375244E+0001
 5.40423989295959E-0001
-2.03550014495850E+0001
-2.12132053375244E+0001
 5.40422976016998E-0001
-1.06223011016845E+0001
-2.77163867950439E+0001
 4.93382120132446E+0000
-9.74839973449707E+0000
-2.77163867950439E+0001
 5.40423989295959E-0001
-2.03550014495850E+0001
-2.12132053375244E+0001
 4.93382120132446E+0000
-9.74839973449707E+0000
-2.77163867950439E+0001
 8.65836524963379E+0000
-1.87402420043945E+0001
-2.12132053375244E+0001
 8.65836524963379E+0000
-1.87402420043945E+0001
-2.12132053375244E+0001
 4.93382120132446E+0000
-9.74839973449707E+0000
-2.77163867950439E+0001
 8.65836334228516E+0000
-7.25973892211914E+0000
-2.77163867950439E+0001
 8.65836524963379E+0000
-1.87402420043945E+0001
-2.12132053375244E+0001
 8.65836334228516E+0000
-7.25973892211914E+0000
-2.77163867950439E+0001
 1.55404224395752E+0001
-1.41417961120605E+0001
-2.12132053375244E+0001
 1.55404224395752E+0001
-1.41417961120605E+0001
-2.12132053375244E+0001
 8.65836334228516E+0000
-7.25973892211914E+0000
-2.77163867950439E+0001
 1.11470222473144E+0001
-3.53519606590271E+0000
-2.77163867950439E+0001
 1.55404224395752E+0001
-1.41417961120605E+0001
-2.12132053375244E+0001
 1.11470222473144E+0001
-3.53519606590271E+0000
-2.77163867950439E+0001
 2.01388645172119E+0001
-7.25973701477051E+0000
-2.12132053375244E+0001
 2.01388645172119E+0001
-7.25973701477051E+0000
-2.12132053375244E+0001
 1.11470222473144E+0001
-3.53519606590271E+0000
-2.77163867950439E+0001
 1.20209226608276E+0001
 8.58201980590820E-0001
-2.77163867950439E+0001
 2.01388645172119E+0001
-7.25973701477051E+0000
-2.12132053375244E+0001
 1.20209226608276E+0001
 8.58201980590820E-0001
-2.77163867950439E+0001
 2.17536220550537E+0001
 8.58204007148743E-0001
-2.12132053375244E+0001
 2.17536220550537E+0001
 8.58204007148743E-0001
-2.12132053375244E+0001
 1.20209226608276E+0001
 8.58201980590820E-0001
-2.77163867950439E+0001
 1.11470203399658E+0001
 5.25159978866577E+0000
-2.77163867950439E+0001
 2.17536220550537E+0001
 8.58204007148743E-0001
-2.12132053375244E+0001
 1.11470203399658E+0001
 5.25159978866577E+0000
-2.77163867950439E+0001
 2.01388626098633E+0001
 8.97614479064941E+0000
-2.12132053375244E+0001
 2.01388626098633E+0001
 8.97614479064941E+0000
-2.12132053375244E+0001
 1.11470203399658E+0001
 5.25159978866577E+0000
-2.77163867950439E+0001
 8.65835952758789E+0000
 8.97614192962646E+0000
-2.77163867950439E+0001
 2.01388626098633E+0001
 8.97614479064941E+0000
-2.12132053375244E+0001
 8.65835952758789E+0000
 8.97614192962646E+0000
-2.77163867950439E+0001
 1.55404167175293E+0001
 1.58582019805908E+0001
-2.12132053375244E+0001
 1.55404167175293E+0001
 1.58582019805908E+0001
-2.12132053375244E+0001
 8.65835952758789E+0000
 8.97614192962646E+0000
-2.77163867950439E+0001
 4.93381690979004E+0000
 1.14648008346557E+0001
-2.77163867950439E+0001
 1.55404167175293E+0001
 1.58582019805908E+0001
-2.12132053375244E+0001
 4.93381690979004E+0000
 1.14648008346557E+0001
-2.77163867950439E+0001
 8.65835857391357E+0000
 2.04566440582275E+0001
-2.12132053375244E+0001
 8.65835857391357E+0000
 2.04566440582275E+0001
-2.12132053375244E+0001
 4.93381690979004E+0000
 1.14648008346557E+0001
-2.77163867950439E+0001
 5.40421009063721E-0001
 1.23387012481689E+0001
-2.77163867950439E+0001
 8.65835857391357E+0000
 2.04566440582275E+0001
-2.12132053375244E+0001
 5.40421009063721E-0001
 1.23387012481689E+0001
-2.77163867950439E+0001
 5.40419995784760E-0001
 2.20714015960693E+0001
-2.12132053375244E+0001
 5.40421009063721E-0001
 8.58200013637543E-0001
-3.00000000000000E+0001
-3.85297703742981E+0000
 1.14647998809814E+0001
-2.77163867950439E+0001
 5.40421009063721E-0001
 1.23387012481689E+0001
-2.77163867950439E+0001
 5.40421009063721E-0001
 8.58200013637543E-0001
-3.00000000000000E+0001
-7.57751893997192E+0000
 8.97614002227783E+0000
-2.77163867950439E+0001
-3.85297703742981E+0000
 1.14647998809814E+0001
-2.77163867950439E+0001
 5.40421009063721E-0001
 8.58200013637543E-0001
-3.00000000000000E+0001
-1.00661792755127E+0001
 5.25159692764282E+0000
-2.77163867950439E+0001
-7.57751893997192E+0000
 8.97614002227783E+0000
-2.77163867950439E+0001
 5.40421009063721E-0001
 8.58200013637543E-0001
-3.00000000000000E+0001
-1.09400796890258E+0001
 8.58199000358582E-0001
-2.77163867950439E+0001
-1.00661792755127E+0001
 5.25159692764282E+0000
-2.77163867950439E+0001
 5.40421009063721E-0001
 8.58200013637543E-0001
-3.00000000000000E+0001
-1.00661783218383E+0001
-3.53519892692566E+0000
-2.77163867950439E+0001
-1.09400796890258E+0001
 8.58199000358582E-0001
-2.77163867950439E+0001
 5.40421009063721E-0001
 8.58200013637543E-0001
-3.00000000000000E+0001
-7.57751798629761E+0000
-7.25974082946777E+0000
-2.77163867950439E+0001
-1.00661783218383E+0001
-3.53519892692566E+0000
-2.77163867950439E+0001
 5.40421009063721E-0001
 8.58200013637543E-0001
-3.00000000000000E+0001
-3.85297489166260E+0000
-9.74840068817139E+0000
-2.77163867950439E+0001
-7.57751798629761E+0000
-7.25974082946777E+0000
-2.77163867950439E+0001
 5.40421009063721E-0001
 8.58200013637543E-0001
-3.00000000000000E+0001
 5.40422976016998E-0001
-1.06223011016845E+0001
-2.77163867950439E+0001
-3.85297489166260E+0000
-9.74840068817139E+0000
-2.77163867950439E+0001
 5.40421009063721E-0001
 8.58200013637543E-0001
-3.00000000000000E+0001
 4.93382120132446E+0000
-9.74839973449707E+0000
-2.77163867950439E+0001
 5.40422976016998E-0001
-1.06223011016845E+0001
-2.77163867950439E+0001
 5.40421009063721E-0001
 8.58200013637543E-0001
-3.00000000000000E+0001
 8.65836334228516E+0000
-7.25973892211914E+0000
-2.77163867950439E+0001
 4.93382120132446E+0000
-9.74839973449707E+0000
-2.77163867950439E+0001
 5.40421009063721E-0001
 8.58200013637543E-0001
-3.00000000000000E+0001
 1.11470222473144E+0001
-3.53519606590271E+0000
-2.77163867950439E+0001
 8.65836334228516E+0000
-7.25973892211914E+0000
-2.77163867950439E+0001
 5.40421009063721E-0001
 8.58200013637543E-0001
-3.00000000000000E+0001
 1.20209226608276E+0001
 8.58201980590820E-0001
-2.77163867950439E+0001
 1.11470222473144E+0001
-3.53519606590271E+0000
-2.77163867950439E+0001
 5.40421009063721E-0001
 8.58200013637543E-0001
-3.00000000000000E+0001
 1.11470203399658E+0001
 5.25159978866577E+0000
-2.77163867950439E+0001
 1.20209226608276E+0001
 8.58201980590820E-0001
-2.77163867950439E+0001
 5.40421009063721E-0001
 8.58200013637543E-0001
-3.00000000000000E+0001
 8.65835952758789E+0000
 8.97614192962646E+0000
-2.77163867950439E+0001
 1.11470203399658E+0001
 5.25159978866577E+0000
-2.77163867950439E+0001
 5.40421009063721E-0001
 8.58200013637543E-0001
-3.00000000000000E+0001
 4.93381690979004E+0000
 1.14648008346557E+0001
-2.77163867950439E+0001
 8.65835952758789E+0000
 8.97614192962646E+0000
-2.77163867950439E+0001
 5.40421009063721E-0001
 8.58200013637543E-0001
-3.00000000000000E+0001
 5.40421009063721E-0001
 1.23387012481689E+0001
-2.77163867950439E+0001
 4.93381690979004E+0000
 1.14648008346557E+0001
-2.77163867950439E+0001