 4.77932006120682E-0001
 9.36868011951447E-0001
 3.00000000000000E+0001
 2.16911354064941E+0001
-2.02763366699219E+0001
 0.00000000000000E+0000
 2.16911354064941E+0001
 2.21500701904297E+0001
 0.00000000000000E+0000
 2.16911354064941E+0001
 2.21500701904297E+0001
 0.00000000000000E+0000
 4.77932006120682E-0001
 9.36868011951447E-0001
-3.00000000000000E+0001
-2.07352714538574E+0001
 2.21500701904297E+0001
 0.00000000000000E+0000
-2.07352714538574E+0001
 2.21500701904297E+0001
 0.00000000000000E+0000
-2.07352714538574E+0001
-2.02763366699219E+0001
-0.00000000000000E+0000
 4.77932006120682E-0001
 9.36868011951447E-0001
 3.00000000000000E+0001
-2.07352714538574E+0001
-2.02763366699219E+0001
-0.00000000000000E+0000
 4.77932006120682E-0001
 9.36868011951447E-0001
-3.00000000000000E+0001
 2.16911354064941E+0001
-2.02763366699219E+0001
 0.00000000000000E+0000
 2.16911354064941E+0001
 2.21500701904297E+0001
 0.00000000000000E+0000
-2.07352714538574E+0001
 2.21500701904297E+0001
 0.00000000000000E+0000
 4.77932006120682E-0001
 9.36868011951447E-0001
 3.00000000000000E+0001
-2.07352714538574E+0001
-2.02763366699219E+0001
-0.00000000000000E+0000
 2.16911354064941E+0001
-2.02763366699219E+0001
 0.00000000000000E+0000
 4.77932006120682E-0001
 9.36868011951447E-0001
 3.00000000000000E+0001
 2.16911354064941E+0001
-2.02763366699219E+0001
 0.00000000000000E+0000
 4.77932006120682E-0001
 9.36868011951447E-0001
-3.00000000000000E+0001
 2.16911354064941E+0001
 2.21500701904297E+0001
 0.00000000000000E+0000
-2.07352714538574E+0001
-2.02763366699219E+0001
-0.00000000000000E+0000
-2.07352714538574E+0001
 2.21500701904297E+0001
 0.00000000000000E+0000
 4.77932006120682E-0001
 9.36868011951447E-0001
-3.00000000000000E+0001