 1.78945140838623E+0001
-1.90620005130768E-0001
 1.01008300781250E+0001
 2.03756484985352E+0001
 1.56139020919799E+0001
 4.59711790084839E+0000
 2.15665416717529E+0001
 1.87651462554932E+0001
 6.41263294219971E+0000
 1.78945140838623E+0001
-1.90620005130768E-0001
 1.01008300781250E+0001
 2.15665416717529E+0001
 1.87651462554932E+0001
 6.41263294219971E+0000
 1.86589298248291E+0001
-2.64205503463745E+0000
 1.29382219314575E+0001
 1.86589298248291E+0001
-2.64205503463745E+0000
 1.29382219314575E+0001
 2.15665416717529E+0001
 1.87651462554932E+0001
 6.41263294219971E+0000
 1.99625263214111E+0001
 2.12705898284912E+0001
 8.81982040405273E+0000
 1.86589298248291E+0001
-2.64205503463745E+0000
 1.29382219314575E+0001
 1.99625263214111E+0001
 2.12705898284912E+0001
 8.81982040405273E+0000
 1.69044933319092E+0001
-3.65586090087891E+0000
 1.61845760345459E+0001
 1.69044933319092E+0001
-3.65586090087891E+0000
 1.61845760345459E+0001
 1.99625263214111E+0001
 2.12705898284912E+0001
 8.81982040405273E+0000
 1.65032138824463E+0001
 2.16625766754150E+0001
 1.04085817337036E+0001
 1.69044933319092E+0001
-3.65586090087891E+0000
 1.61845760345459E+0001
 1.65032138824463E+0001
 2.16625766754150E+0001
 1.04085817337036E+0001
 1.36589307785034E+0001
-2.63816308975220E+0000
 1.79382209777832E+0001
 1.36589307785034E+0001
-2.63816308975220E+0000
 1.79382209777832E+0001
 1.65032138824463E+0001
 2.16625766754150E+0001
 1.04085817337036E+0001
 1.32150230407714E+0001
 1.97114887237549E+0001
 1.02482423782348E+0001
 1.36589307785034E+0001
-2.63816308975220E+0000
 1.79382209777832E+0001
 1.32150230407714E+0001
 1.97114887237549E+0001
 1.02482423782348E+0001
 1.08234481811523E+0001
-1.85114994645119E-0001
 1.71718959808350E+0001
 1.08234481811523E+0001
-1.85114994645119E-0001
 1.71718959808350E+0001
 1.32150230407714E+0001
 1.97114887237549E+0001
 1.02482423782348E+0001
 1.20241298675537E+0001
 1.65602436065674E+0001
 8.43272686004639E+0000
 1.08234481811523E+0001
-1.85114994645119E-0001
 1.71718959808350E+0001
 1.20241298675537E+0001
 1.65602436065674E+0001
 8.43272686004639E+0000
 1.00590324401855E+0001
 2.26632094383240E+0000
 1.43345031738281E+0001
 1.00590324401855E+0001
 2.26632094383240E+0000
 1.43345031738281E+0001
 1.20241298675537E+0001
 1.65602436065674E+0001
 8.43272686004639E+0000
 1.36281452178955E+0001
 1.40548019409179E+0001
 6.02553987503052E+0000
 1.00590324401855E+0001
 2.26632094383240E+0000
 1.43345031738281E+0001
 1.36281452178955E+0001
 1.40548019409179E+0001
 6.02553987503052E+0000
 1.18134689331054E+0001
 3.28012609481812E+0000
 1.10881500244140E+0001
 1.18134689331054E+0001
 3.28012609481812E+0000
 1.10881500244140E+0001
 1.36281452178955E+0001
 1.40548019409179E+0001
 6.02553987503052E+0000
 1.70874557495117E+0001
 1.36628131866455E+0001
 4.43677902221680E+0000
 1.18134689331054E+0001
 3.28012609481812E+0000
 1.10881500244140E+0001
 1.70874557495117E+0001
 1.36628131866455E+0001
 4.43677902221680E+0000
 1.50590305328369E+0001
 2.26242804527283E+0000
 9.33450508117676E+0000
 1.50590305328369E+0001
 2.26242804527283E+0000
 9.33450508117676E+0000
 1.70874557495117E+0001
 1.36628131866455E+0001
 4.43677902221680E+0000
 2.03756484985352E+0001
 1.56139020919799E+0001
 4.59711790084839E+0000
 1.50590305328369E+0001
 2.26242804527283E+0000
 9.33450508117676E+0000
 2.03756484985352E+0001
 1.56139020919799E+0001
 4.59711790084839E+0000
 1.78945140838623E+0001
-1.90620005130768E-0001
 1.01008300781250E+0001
 2.03756484985352E+0001
 1.56139020919799E+0001
 4.59711790084839E+0000
 1.85892403125763E+0000
 1.60332450866699E+0001
-1.82610797882080E+0001
-2.13484004139900E-0001
 1.87841777801514E+0001
-1.99290580749512E+0001
 2.03756484985352E+0001
 1.56139020919799E+0001
 4.59711790084839E+0000
-2.13484004139900E-0001
 1.87841777801514E+0001
-1.99290580749512E+0001
 2.15665416717529E+0001
 1.87651462554932E+0001
 6.41263294219971E+0000
 2.15665416717529E+0001
 1.87651462554932E+0001
 6.41263294219971E+0000
-2.13484004139900E-0001
 1.87841777801514E+0001
-1.99290580749512E+0001
-2.87692594528198E+0000
 2.12621116638184E+0001
-1.87413768768311E+0001
 2.15665416717529E+0001
 1.87651462554932E+0001
 6.41263294219971E+0000
-2.87692594528198E+0000
 2.12621116638184E+0001
-1.87413768768311E+0001
 1.99625263214111E+0001
 2.12705898284912E+0001
 8.81982040405273E+0000
 1.99625263214111E+0001
 2.12705898284912E+0001
 8.81982040405273E+0000
-2.87692594528198E+0000
 2.12621116638184E+0001
-1.87413768768311E+0001
-4.57119321823120E+0000
 2.20155048370361E+0001
-1.53937635421752E+0001
 1.99625263214111E+0001
 2.12705898284912E+0001
 8.81982040405273E+0000
-4.57119321823120E+0000
 2.20155048370361E+0001
-1.53937635421752E+0001
 1.65032138824463E+0001
 2.16625766754150E+0001
 1.04085817337036E+0001
 1.65032138824463E+0001
 2.16625766754150E+0001
 1.04085817337036E+0001
-4.57119321823120E+0000
 2.20155048370361E+0001
-1.53937635421752E+0001
-4.30380821228027E+0000
 2.06030311584473E+0001
-1.18472042083740E+0001
 1.65032138824463E+0001
 2.16625766754150E+0001
 1.04085817337036E+0001
-4.30380821228027E+0000
 2.06030311584473E+0001
-1.18472042083740E+0001
 1.32150230407714E+0001
 1.97114887237549E+0001
 1.02482423782348E+0001
 1.32150230407714E+0001
 1.97114887237549E+0001
 1.02482423782348E+0001
-4.30380821228027E+0000
 2.06030311584473E+0001
-1.18472042083740E+0001
-2.23140096664429E+0000
 1.78520965576172E+0001
-1.01792259216308E+0001
 1.32150230407714E+0001
 1.97114887237549E+0001
 1.02482423782348E+0001
-2.23140096664429E+0000
 1.78520965576172E+0001
-1.01792259216308E+0001
 1.20241298675537E+0001
 1.65602436065674E+0001
 8.43272686004639E+0000
 1.20241298675537E+0001
 1.65602436065674E+0001
 8.43272686004639E+0000
-2.23140096664429E+0000
 1.78520965576172E+0001
-1.01792259216308E+0001
 4.32040989398956E-0001
 1.53741655349731E+0001
-1.13669061660766E+0001
 1.20241298675537E+0001
 1.65602436065674E+0001
 8.43272686004639E+0000
 4.32040989398956E-0001
 1.53741655349731E+0001
-1.13669061660766E+0001
 1.36281452178955E+0001
 1.40548019409179E+0001
 6.02553987503052E+0000
 1.36281452178955E+0001
 1.40548019409179E+0001
 6.02553987503052E+0000
 4.32040989398956E-0001
 1.53741655349731E+0001
-1.13669061660766E+0001
 2.12630796432495E+0000
 1.46207714080810E+0001
-1.47145204544067E+0001
 1.36281452178955E+0001
 1.40548019409179E+0001
 6.02553987503052E+0000
 2.12630796432495E+0000
 1.46207714080810E+0001
-1.47145204544067E+0001
 1.70874557495117E+0001
 1.36628131866455E+0001
 4.43677902221680E+0000
 1.70874557495117E+0001
 1.36628131866455E+0001
 4.43677902221680E+0000
 2.12630796432495E+0000
 1.46207714080810E+0001
-1.47145204544067E+0001
 1.85892403125763E+0000
 1.60332450866699E+0001
-1.82610797882080E+0001
 1.70874557495117E+0001
 1.36628131866455E+0001
 4.43677902221680E+0000
 1.85892403125763E+0000
 1.60332450866699E+0001
-1.82610797882080E+0001
 2.03756484985352E+0001
 1.56139020919799E+0001
 4.59711790084839E+0000
 1.85892403125763E+0000
 1.60332450866699E+0001
-1.82610797882080E+0001
-7.54768180847168E+0000
 2.32502794265747E+0000
-1.19116039276123E+0001
-1.11609754562377E+0001
 3.53459906578064E+0000
-1.15570392608642E+0001
 1.85892403125763E+0000
 1.60332450866699E+0001
-1.82610797882080E+0001
-1.11609754562377E+0001
 3.53459906578064E+0000
-1.15570392608642E+0001
-2.13484004139900E-0001
 1.87841777801514E+0001
-1.99290580749512E+0001
-2.13484004139900E-0001
 1.87841777801514E+0001
-1.99290580749512E+0001
-1.11609754562377E+0001
 3.53459906578064E+0000
-1.15570392608642E+0001
-1.29128875732421E+0001
 6.26886892318726E+0000
-9.53238487243652E+0000
-2.13484004139900E-0001
 1.87841777801514E+0001
-1.99290580749512E+0001
-1.29128875732421E+0001
 6.26886892318726E+0000
-9.53238487243652E+0000
-2.87692594528198E+0000
 2.12621116638184E+0001
-1.87413768768311E+0001
-2.87692594528198E+0000
 2.12621116638184E+0001
-1.87413768768311E+0001
-1.29128875732421E+0001
 6.26886892318726E+0000
-9.53238487243652E+0000
-1.17771739959716E+0001
 8.92614078521729E+0000
-7.02365493774414E+0000
-2.87692594528198E+0000
 2.12621116638184E+0001
-1.87413768768311E+0001
-1.17771739959716E+0001
 8.92614078521729E+0000
-7.02365493774414E+0000
-4.57119321823120E+0000
 2.20155048370361E+0001
-1.53937635421752E+0001
-4.57119321823120E+0000
 2.20155048370361E+0001
-1.53937635421752E+0001
-1.17771739959716E+0001
 8.92614078521729E+0000
-7.02365493774414E+0000
-8.41911888122559E+0000
 9.94982147216797E+0000
-5.50043106079102E+0000
-4.57119321823120E+0000
 2.20155048370361E+0001
-1.53937635421752E+0001
-8.41911888122559E+0000
 9.94982147216797E+0000
-5.50043106079102E+0000
-4.30380821228027E+0000
 2.06030311584473E+0001
-1.18472042083740E+0001
-4.30380821228027E+0000
 2.06030311584473E+0001
-1.18472042083740E+0001
-8.41911888122559E+0000
 9.94982147216797E+0000
-5.50043106079102E+0000
-4.80582618713379E+0000
 8.74024963378906E+0000
-5.85499620437622E+0000
-4.30380821228027E+0000
 2.06030311584473E+0001
-1.18472042083740E+0001
-4.80582618713379E+0000
 8.74024963378906E+0000
-5.85499620437622E+0000
-2.23140096664429E+0000
 1.78520965576172E+0001
-1.01792259216308E+0001
-2.23140096664429E+0000
 1.78520965576172E+0001
-1.01792259216308E+0001
-4.80582618713379E+0000
 8.74024963378906E+0000
-5.85499620437622E+0000
-3.05391407012939E+0000
 6.00597906112671E+0000
-7.87965011596680E+0000
-2.23140096664429E+0000
 1.78520965576172E+0001
-1.01792259216308E+0001
-3.05391407012939E+0000
 6.00597906112671E+0000
-7.87965011596680E+0000
 4.32040989398956E-0001
 1.53741655349731E+0001
-1.13669061660766E+0001
 4.32040989398956E-0001
 1.53741655349731E+0001
-1.13669061660766E+0001
-3.05391407012939E+0000
 6.00597906112671E+0000
-7.87965011596680E+0000
-4.18962717056274E+0000
 3.34870791435242E+0000
-1.03883790969848E+0001
 4.32040989398956E-0001
 1.53741655349731E+0001
-1.13669061660766E+0001
-4.18962717056274E+0000
 3.34870791435242E+0000
-1.03883790969848E+0001
 2.12630796432495E+0000
 1.46207714080810E+0001
-1.47145204544067E+0001
 2.12630796432495E+0000
 1.46207714080810E+0001
-1.47145204544067E+0001
-4.18962717056274E+0000
 3.34870791435242E+0000
-1.03883790969848E+0001
-7.54768180847168E+0000
 2.32502794265747E+0000
-1.19116039276123E+0001
 2.12630796432495E+0000
 1.46207714080810E+0001
-1.47145204544067E+0001
-7.54768180847168E+0000
 2.32502794265747E+0000
-1.19116039276123E+0001
 1.85892403125763E+0000
 1.60332450866699E+0001
-1.82610797882080E+0001
-7.54768180847168E+0000
 2.32502794265747E+0000
-1.19116039276123E+0001
-8.60614871978760E+0000
-6.29183483123779E+0000
 1.15714997053146E-0001
-1.21346302032470E+0001
-5.14625406265259E+0000
 1.05492699146271E+0000
-7.54768180847168E+0000
 2.32502794265747E+0000
-1.19116039276123E+0001
-1.21346302032470E+0001
-5.14625406265259E+0000
 1.05492699146271E+0000
-1.11609754562377E+0001
 3.53459906578064E+0000
-1.15570392608642E+0001
-1.11609754562377E+0001
 3.53459906578064E+0000
-1.15570392608642E+0001
-1.21346302032470E+0001
-5.14625406265259E+0000
 1.05492699146271E+0000
-1.35866861343383E+0001
-2.25565004348755E+0000
 3.09958100318909E+0000
-1.11609754562377E+0001
 3.53459906578064E+0000
-1.15570392608642E+0001
-1.35866861343383E+0001
-2.25565004348755E+0000
 3.09958100318909E+0000
-1.29128875732421E+0001
 6.26886892318726E+0000
-9.53238487243652E+0000
-1.29128875732421E+0001
 6.26886892318726E+0000
-9.53238487243652E+0000
-1.35866861343383E+0001
-2.25565004348755E+0000
 3.09958100318909E+0000
-1.21117210388183E+0001
 6.86698019504547E-0001
 5.05194520950317E+0000
-1.29128875732421E+0001
 6.26886892318726E+0000
-9.53238487243652E+0000
-1.21117210388183E+0001
 6.86698019504547E-0001
 5.05194520950317E+0000
-1.17771739959716E+0001
 8.92614078521729E+0000
-7.02365493774414E+0000
-1.17771739959716E+0001
 8.92614078521729E+0000
-7.02365493774414E+0000
-1.21117210388183E+0001
 6.86698019504547E-0001
 5.05194520950317E+0000
-8.57374954223633E+0000
 1.95720398426056E+0000
 5.76835203170776E+0000
-1.17771739959716E+0001
 8.92614078521729E+0000
-7.02365493774414E+0000
-8.57374954223633E+0000
 1.95720398426056E+0000
 5.76835203170776E+0000
-8.41911888122559E+0000
 9.94982147216797E+0000
-5.50043106079102E+0000
-8.41911888122559E+0000
 9.94982147216797E+0000
-5.50043106079102E+0000
-8.57374954223633E+0000
 1.95720398426056E+0000
 5.76835203170776E+0000
-5.04526901245117E+0000
 8.11621010303497E-0001
 4.82913923263550E+0000
-8.41911888122559E+0000
 9.94982147216797E+0000
-5.50043106079102E+0000
-5.04526901245117E+0000
 8.11621010303497E-0001
 4.82913923263550E+0000
-4.80582618713379E+0000
 8.74024963378906E+0000
-5.85499620437622E+0000
-4.80582618713379E+0000
 8.74024963378906E+0000
-5.85499620437622E+0000
-5.04526901245117E+0000
 8.11621010303497E-0001
 4.82913923263550E+0000
-3.59321308135986E+0000
-2.07898092269897E+0000
 2.78448605537415E+0000
-4.80582618713379E+0000
 8.74024963378906E+0000
-5.85499620437622E+0000
-3.59321308135986E+0000
-2.07898092269897E+0000
 2.78448605537415E+0000
-3.05391407012939E+0000
 6.00597906112671E+0000
-7.87965011596680E+0000
-3.05391407012939E+0000
 6.00597906112671E+0000
-7.87965011596680E+0000
-3.59321308135986E+0000
-2.07898092269897E+0000
 2.78448605537415E+0000
-5.06817722320557E+0000
-5.02132892608643E+0000
 8.32122027873993E-0001
-3.05391407012939E+0000
 6.00597906112671E+0000
-7.87965011596680E+0000
-5.06817722320557E+0000
-5.02132892608643E+0000
 8.32122027873993E-0001
-4.18962717056274E+0000
 3.34870791435242E+0000
-1.03883790969848E+0001
-4.18962717056274E+0000
 3.34870791435242E+0000
-1.03883790969848E+0001
-5.06817722320557E+0000
-5.02132892608643E+0000
 8.32122027873993E-0001
-8.60614871978760E+0000
-6.29183483123779E+0000
 1.15714997053146E-0001
-4.18962717056274E+0000
 3.34870791435242E+0000
-1.03883790969848E+0001
-8.60614871978760E+0000
-6.29183483123779E+0000
 1.15714997053146E-0001
-7.54768180847168E+0000
 2.32502794265747E+0000
-1.19116039276123E+0001
-8.60614871978760E+0000
-6.29183483123779E+0000
 1.15714997053146E-0001
-7.86560487747192E+0000
-1.50578536987304E+0001
 1.01008310317993E+0001
-1.03708400726318E+0001
-1.44942235946655E+0001
 1.29382209777832E+0001
-8.60614871978760E+0000
-6.29183483123779E+0000
 1.15714997053146E-0001
-1.03708400726318E+0001
-1.44942235946655E+0001
 1.29382209777832E+0001
-1.21346302032470E+0001
-5.14625406265259E+0000
 1.05492699146271E+0000
-1.21346302032470E+0001
-5.14625406265259E+0000
 1.05492699146271E+0000
-1.03708400726318E+0001
-1.44942235946655E+0001
 1.29382209777832E+0001
-1.03716745376586E+0001
-1.24679336547851E+0001
 1.61845741271973E+0001
-1.21346302032470E+0001
-5.14625406265259E+0000
 1.05492699146271E+0000
-1.03716745376586E+0001
-1.24679336547851E+0001
 1.61845741271973E+0001
-1.35866861343383E+0001
-2.25565004348755E+0000
 3.09958100318909E+0000
-1.35866861343383E+0001
-2.25565004348755E+0000
 3.09958100318909E+0000
-1.03716745376586E+0001
-1.24679336547851E+0001
 1.61845741271973E+0001
-7.86762189865112E+0000
-1.01659555435180E+0001
 1.79382190704346E+0001
-1.35866861343383E+0001
-2.25565004348755E+0000
 3.09958100318909E+0000
-7.86762189865112E+0000
-1.01659555435180E+0001
 1.79382190704346E+0001
-1.21117210388183E+0001
 6.86698019504547E-0001
 5.05194520950317E+0000
-1.21117210388183E+0001
 6.86698019504547E-0001
 5.05194520950317E+0000
-7.86762189865112E+0000
-1.01659555435180E+0001
 1.79382190704346E+0001
-4.32552003860474E+0000
-8.93675804138184E+0000
 1.71718978881836E+0001
-1.21117210388183E+0001
 6.86698019504547E-0001
 5.05194520950317E+0000
-4.32552003860474E+0000
-8.93675804138184E+0000
 1.71718978881836E+0001
-8.57374954223633E+0000
 1.95720398426056E+0000
 5.76835203170776E+0000
-8.57374954223633E+0000
 1.95720398426056E+0000
 5.76835203170776E+0000
-4.32552003860474E+0000
-8.93675804138184E+0000
 1.71718978881836E+0001
-1.82028603553772E+0000
-9.50038814544678E+0000
 1.43345060348510E+0001
-8.57374954223633E+0000
 1.95720398426056E+0000
 5.76835203170776E+0000
-1.82028603553772E+0000
-9.50038814544678E+0000
 1.43345060348510E+0001
-5.04526901245117E+0000
 8.11621010303497E-0001
 4.82913923263550E+0000
-5.04526901245117E+0000
 8.11621010303497E-0001
 4.82913923263550E+0000
-1.82028603553772E+0000
-9.50038814544678E+0000
 1.43345060348510E+0001
-1.81945097446442E+0000
-1.15266780853271E+0001
 1.10881538391113E+0001
-5.04526901245117E+0000
 8.11621010303497E-0001
 4.82913923263550E+0000
-1.81945097446442E+0000
-1.15266780853271E+0001
 1.10881538391113E+0001
-3.59321308135986E+0000
-2.07898092269897E+0000
 2.78448605537415E+0000
-3.59321308135986E+0000
-2.07898092269897E+0000
 2.78448605537415E+0000
-1.81945097446442E+0000
-1.15266780853271E+0001
 1.10881538391113E+0001
-4.32350301742554E+0000
-1.38286561965942E+0001
 9.33450794219971E+0000
-3.59321308135986E+0000
-2.07898092269897E+0000
 2.78448605537415E+0000
-4.32350301742554E+0000
-1.38286561965942E+0001
 9.33450794219971E+0000
-5.06817722320557E+0000
-5.02132892608643E+0000
 8.32122027873993E-0001
-5.06817722320557E+0000
-5.02132892608643E+0000
 8.32122027873993E-0001
-4.32350301742554E+0000
-1.38286561965942E+0001
 9.33450794219971E+0000
-7.86560487747192E+0000
-1.50578536987304E+0001
 1.01008310317993E+0001
-5.06817722320557E+0000
-5.02132892608643E+0000
 8.32122027873993E-0001
-7.86560487747192E+0000
-1.50578536987304E+0001
 1.01008310317993E+0001
-8.60614871978760E+0000
-6.29183483123779E+0000
 1.15714997053146E-0001
-7.86560487747192E+0000
-1.50578536987304E+0001
 1.01008310317993E+0001
 4.58102083206177E+0000
-2.51087894439697E+0001
 4.59689521789551E+0000
 6.71455287933350E+0000
-2.77157478332520E+0001
 6.41251087188721E+0000
-7.86560487747192E+0000
-1.50578536987304E+0001
 1.01008310317993E+0001
 6.71455287933350E+0000
-2.77157478332520E+0001
 6.41251087188721E+0000
-1.03708400726318E+0001
-1.44942235946655E+0001
 1.29382209777832E+0001
-1.03708400726318E+0001
-1.44942235946655E+0001
 1.29382209777832E+0001
 6.71455287933350E+0000
-2.77157478332520E+0001
 6.41251087188721E+0000
 9.68620014190674E+0000
-2.75793437957764E+0001
 8.81986904144287E+0000
-1.03708400726318E+0001
-1.44942235946655E+0001
 1.29382209777832E+0001
 9.68620014190674E+0000
-2.75793437957764E+0001
 8.81986904144287E+0000
-1.03716745376586E+0001
-1.24679336547851E+0001
 1.61845741271973E+0001
-1.03716745376586E+0001
-1.24679336547851E+0001
 1.61845741271973E+0001
 9.68620014190674E+0000
-2.75793437957764E+0001
 8.81986904144287E+0000
 1.17552099227905E+0001
-2.47794761657715E+0001
 1.04087705612182E+0001
-1.03716745376586E+0001
-1.24679336547851E+0001
 1.61845741271973E+0001
 1.17552099227905E+0001
-2.47794761657715E+0001
 1.04087705612182E+0001
-7.86762189865112E+0000
-1.01659555435180E+0001
 1.79382190704346E+0001
-7.86762189865112E+0000
-1.01659555435180E+0001
 1.79382190704346E+0001
 1.17552099227905E+0001
-2.47794761657715E+0001
 1.04087705612182E+0001
 1.17095851898193E+0001
-2.09562740325928E+0001
 1.02484588623046E+0001
-7.86762189865112E+0000
-1.01659555435180E+0001
 1.79382190704346E+0001
 1.17095851898193E+0001
-2.09562740325928E+0001
 1.02484588623046E+0001
-4.32552003860474E+0000
-8.93675804138184E+0000
 1.71718978881836E+0001
-4.32552003860474E+0000
-8.93675804138184E+0000
 1.71718978881836E+0001
 1.17095851898193E+0001
-2.09562740325928E+0001
 1.02484588623046E+0001
 9.57605266571045E+0000
-1.83493137359619E+0001
 8.43284225463867E+0000
-4.32552003860474E+0000
-8.93675804138184E+0000
 1.71718978881836E+0001
 9.57605266571045E+0000
-1.83493137359619E+0001
 8.43284225463867E+0000
-1.82028603553772E+0000
-9.50038814544678E+0000
 1.43345060348510E+0001
-1.82028603553772E+0000
-9.50038814544678E+0000
 1.43345060348510E+0001
 9.57605266571045E+0000
-1.83493137359619E+0001
 8.43284225463867E+0000
 6.60440587997437E+0000
-1.84857196807861E+0001
 6.02548503875732E+0000
-1.82028603553772E+0000
-9.50038814544678E+0000
 1.43345060348510E+0001
 6.60440587997437E+0000
-1.84857196807861E+0001
 6.02548503875732E+0000
-1.81945097446442E+0000
-1.15266780853271E+0001
 1.10881538391113E+0001
-1.81945097446442E+0000
-1.15266780853271E+0001
 1.10881538391113E+0001
 6.60440587997437E+0000
-1.84857196807861E+0001
 6.02548503875732E+0000
 4.53539705276489E+0000
-2.12855854034424E+0001
 4.43658399581909E+0000
-1.81945097446442E+0000
-1.15266780853271E+0001
 1.10881538391113E+0001
 4.53539705276489E+0000
-2.12855854034424E+0001
 4.43658399581909E+0000
-4.32350301742554E+0000
-1.38286561965942E+0001
 9.33450794219971E+0000
-4.32350301742554E+0000
-1.38286561965942E+0001
 9.33450794219971E+0000
 4.53539705276489E+0000
-2.12855854034424E+0001
 4.43658399581909E+0000
 4.58102083206177E+0000
-2.51087894439697E+0001
 4.59689521789551E+0000
-4.32350301742554E+0000
-1.38286561965942E+0001
 9.33450794219971E+0000
 4.58102083206177E+0000
-2.51087894439697E+0001
 4.59689521789551E+0000
-7.86560487747192E+0000
-1.50578536987304E+0001
 1.01008310317993E+0001
 4.58102083206177E+0000
-2.51087894439697E+0001
 4.59689521789551E+0000
 1.42023525238037E+0001
-9.28322124481201E+0000
-1.82607173919678E+0001
 1.76209526062012E+0001
-8.86440753936768E+0000
-1.99287796020508E+0001
 4.58102083206177E+0000
-2.51087894439697E+0001
 4.59689521789551E+0000
 1.76209526062012E+0001
-8.86440753936768E+0000
-1.99287796020508E+0001
 6.71455287933350E+0000
-2.77157478332520E+0001
 6.41251087188721E+0000
 6.71455287933350E+0000
-2.77157478332520E+0001
 6.41251087188721E+0000
 1.76209526062012E+0001
-8.86440753936768E+0000
-1.99287796020508E+0001
 2.10986385345459E+0001
-7.79653501510620E+0000
-1.87413425445557E+0001
 6.71455287933350E+0000
-2.77157478332520E+0001
 6.41251087188721E+0000
 2.10986385345459E+0001
-7.79653501510620E+0000
-1.87413425445557E+0001
 9.68620014190674E+0000
-2.75793437957764E+0001
 8.81986904144287E+0000
 9.68620014190674E+0000
-2.75793437957764E+0001
 8.81986904144287E+0000
 2.10986385345459E+0001
-7.79653501510620E+0000
-1.87413425445557E+0001
 2.25982284545898E+0001
-6.70515108108521E+0000
-1.53939914703369E+0001
 9.68620014190674E+0000
-2.75793437957764E+0001
 8.81986904144287E+0000
 2.25982284545898E+0001
-6.70515108108521E+0000
-1.53939914703369E+0001
 1.17552099227905E+0001
-2.47794761657715E+0001
 1.04087705612182E+0001
 1.17552099227905E+0001
-2.47794761657715E+0001
 1.04087705612182E+0001
 2.25982284545898E+0001
-6.70515108108521E+0000
-1.53939914703369E+0001
 2.12412853240967E+0001
-6.22956895828247E+0000
-1.18475570678710E+0001
 1.17552099227905E+0001
-2.47794761657715E+0001
 1.04087705612182E+0001
 2.12412853240967E+0001
-6.22956895828247E+0000
-1.18475570678710E+0001
 1.17095851898193E+0001
-2.09562740325928E+0001
 1.02484588623046E+0001
 1.17095851898193E+0001
-2.09562740325928E+0001
 1.02484588623046E+0001
 2.12412853240967E+0001
-6.22956895828247E+0000
-1.18475570678710E+0001
 1.78226852416992E+0001
-6.64838314056396E+0000
-1.01794948577880E+0001
 1.17095851898193E+0001
-2.09562740325928E+0001
 1.02484588623046E+0001
 1.78226852416992E+0001
-6.64838314056396E+0000
-1.01794948577880E+0001
 9.57605266571045E+0000
-1.83493137359619E+0001
 8.43284225463867E+0000
 9.57605266571045E+0000
-1.83493137359619E+0001
 8.43284225463867E+0000
 1.78226852416992E+0001
-6.64838314056396E+0000
-1.01794948577880E+0001
 1.43449993133544E+0001
-7.71625518798828E+0000
-1.13669328689575E+0001
 9.57605266571045E+0000
-1.83493137359619E+0001
 8.43284225463867E+0000
 1.43449993133544E+0001
-7.71625518798828E+0000
-1.13669328689575E+0001
 6.60440587997437E+0000
-1.84857196807861E+0001
 6.02548503875732E+0000
 6.60440587997437E+0000
-1.84857196807861E+0001
 6.02548503875732E+0000
 1.43449993133544E+0001
-7.71625518798828E+0000
-1.13669328689575E+0001
 1.28454065322876E+0001
-8.80764102935791E+0000
-1.47142839431762E+0001
 6.60440587997437E+0000
-1.84857196807861E+0001
 6.02548503875732E+0000
 1.28454065322876E+0001
-8.80764102935791E+0000
-1.47142839431762E+0001
 4.53539705276489E+0000
-2.12855854034424E+0001
 4.43658399581909E+0000
 4.53539705276489E+0000
-2.12855854034424E+0001
 4.43658399581909E+0000
 1.28454065322876E+0001
-8.80764102935791E+0000
-1.47142839431762E+0001
 1.42023525238037E+0001
-9.28322124481201E+0000
-1.82607173919678E+0001
 4.53539705276489E+0000
-2.12855854034424E+0001
 4.43658399581909E+0000
 1.42023525238037E+0001
-9.28322124481201E+0000
-1.82607173919678E+0001
 4.58102083206177E+0000
-2.51087894439697E+0001
 4.59689521789551E+0000
 1.42023525238037E+0001
-9.28322124481201E+0000
-1.82607173919678E+0001
 7.03399991989136E+0000
 5.71781301498413E+0000
-1.19116811752319E+0001
 9.88805675506592E+0000
 8.24234867095947E+0000
-1.15570764541626E+0001
 1.42023525238037E+0001
-9.28322124481201E+0000
-1.82607173919678E+0001
 9.88805675506592E+0000
 8.24234867095947E+0000
-1.15570764541626E+0001
 1.76209526062012E+0001
-8.86440753936768E+0000
-1.99287796020508E+0001
 1.76209526062012E+0001
-8.86440753936768E+0000
-1.99287796020508E+0001
 9.88805675506592E+0000
 8.24234867095947E+0000
-1.15570764541626E+0001
 1.31319150924682E+0001
 8.39255809783936E+0000
-9.53235816955566E+0000
 1.76209526062012E+0001
-8.86440753936768E+0000
-1.99287796020508E+0001
 1.31319150924682E+0001
 8.39255809783936E+0000
-9.53235816955566E+0000
 2.10986385345459E+0001
-7.79653501510620E+0000
-1.87413425445557E+0001
 2.10986385345459E+0001
-7.79653501510620E+0000
-1.87413425445557E+0001
 1.31319150924682E+0001
 8.39255809783936E+0000
-9.53235816955566E+0000
 1.48653669357299E+0001
 6.08045101165771E+0000
-7.02358007431030E+0000
 2.10986385345459E+0001
-7.79653501510620E+0000
-1.87413425445557E+0001
 1.48653669357299E+0001
 6.08045101165771E+0000
-7.02358007431030E+0000
 2.25982284545898E+0001
-6.70515108108521E+0000
-1.53939914703369E+0001
 2.25982284545898E+0001
-6.70515108108521E+0000
-1.53939914703369E+0001
 1.48653669357299E+0001
 6.08045101165771E+0000
-7.02358007431030E+0000
 1.40729789733886E+0001
 2.66042804718018E+0000
-5.50034999847412E+0000
 2.25982284545898E+0001
-6.70515108108521E+0000
-1.53939914703369E+0001
 1.40729789733886E+0001
 2.66042804718018E+0000
-5.50034999847412E+0000
 2.12412853240967E+0001
-6.22956895828247E+0000
-1.18475570678710E+0001
 2.12412853240967E+0001
-6.22956895828247E+0000
-1.18475570678710E+0001
 1.40729789733886E+0001
 2.66042804718018E+0000
-5.50034999847412E+0000
 1.12189207077026E+0001
 1.35893002152443E-0001
-5.85495519638062E+0000
 2.12412853240967E+0001
-6.22956895828247E+0000
-1.18475570678710E+0001
 1.12189207077026E+0001
 1.35893002152443E-0001
-5.85495519638062E+0000
 1.78226852416992E+0001
-6.64838314056396E+0000
-1.01794948577880E+0001
 1.78226852416992E+0001
-6.64838314056396E+0000
-1.01794948577880E+0001
 1.12189207077026E+0001
 1.35893002152443E-0001
-5.85495519638062E+0000
 7.97506380081177E+0000
-1.43149998039007E-0002
-7.87967300415039E+0000
 1.78226852416992E+0001
-6.64838314056396E+0000
-1.01794948577880E+0001
 7.97506380081177E+0000
-1.43149998039007E-0002
-7.87967300415039E+0000
 1.43449993133544E+0001
-7.71625518798828E+0000
-1.13669328689575E+0001
 1.43449993133544E+0001
-7.71625518798828E+0000
-1.13669328689575E+0001
 7.97506380081177E+0000
-1.43149998039007E-0002
-7.87967300415039E+0000
 6.24161291122437E+0000
 2.29779100418091E+0000
-1.03884506225585E+0001
 1.43449993133544E+0001
-7.71625518798828E+0000
-1.13669328689575E+0001
 6.24161291122437E+0000
 2.29779100418091E+0000
-1.03884506225585E+0001
 1.28454065322876E+0001
-8.80764102935791E+0000
-1.47142839431762E+0001
 1.28454065322876E+0001
-8.80764102935791E+0000
-1.47142839431762E+0001
 6.24161291122437E+0000
 2.29779100418091E+0000
-1.03884506225585E+0001
 7.03399991989136E+0000
 5.71781301498413E+0000
-1.19116811752319E+0001
 1.28454065322876E+0001
-8.80764102935791E+0000
-1.47142839431762E+0001
 7.03399991989136E+0000
 5.71781301498413E+0000
-1.19116811752319E+0001
 1.42023525238037E+0001
-9.28322124481201E+0000
-1.82607173919678E+0001
 7.03399991989136E+0000
 5.71781301498413E+0000
-1.19116811752319E+0001
 1.00928001105785E-0001
 1.09430751800537E+0001
 1.15578003227710E-0001
 2.85730099678040E+0000
 1.34260015487670E+0001
 1.05480194091797E+0000
 7.03399991989136E+0000
 5.71781301498413E+0000
-1.19116811752319E+0001
 2.85730099678040E+0000
 1.34260015487670E+0001
 1.05480194091797E+0000
 9.88805675506592E+0000
 8.24234867095947E+0000
-1.15570764541626E+0001
 9.88805675506592E+0000
 8.24234867095947E+0000
-1.15570764541626E+0001
 2.85730099678040E+0000
 1.34260015487670E+0001
 1.05480194091797E+0000
 6.08660793304443E+0000
 1.32381963729858E+0001
 3.09954404830933E+0000
 9.88805675506592E+0000
 8.24234867095947E+0000
-1.15570764541626E+0001
 6.08660793304443E+0000
 1.32381963729858E+0001
 3.09954404830933E+0000
 1.31319150924682E+0001
 8.39255809783936E+0000
-9.53235816955566E+0000
 1.31319150924682E+0001
 8.39255809783936E+0000
-9.53235816955566E+0000
 6.08660793304443E+0000
 1.32381963729858E+0001
 3.09954404830933E+0000
 7.89716291427612E+0000
 1.04896726608276E+0001
 5.05202198028564E+0000
 1.31319150924682E+0001
 8.39255809783936E+0000
-9.53235816955566E+0000
 7.89716291427612E+0000
 1.04896726608276E+0001
 5.05202198028564E+0000
 1.48653669357299E+0001
 6.08045101165771E+0000
-7.02358007431030E+0000
 1.48653669357299E+0001
 6.08045101165771E+0000
-7.02358007431030E+0000
 7.89716291427612E+0000
 1.04896726608276E+0001
 5.05202198028564E+0000
 7.22836923599243E+0000
 6.79048013687134E+0000
 5.76850080490112E+0000
 1.48653669357299E+0001
 6.08045101165771E+0000
-7.02358007431030E+0000
 7.22836923599243E+0000
 6.79048013687134E+0000
 5.76850080490112E+0000
 1.40729789733886E+0001
 2.66042804718018E+0000
-5.50034999847412E+0000
 1.40729789733886E+0001
 2.66042804718018E+0000
-5.50034999847412E+0000
 7.22836923599243E+0000
 6.79048013687134E+0000
 5.76850080490112E+0000
 4.47199487686157E+0000
 4.30755281448364E+0000
 4.82927703857422E+0000
 1.40729789733886E+0001
 2.66042804718018E+0000
-5.50034999847412E+0000
 4.47199487686157E+0000
 4.30755281448364E+0000
 4.82927703857422E+0000
 1.12189207077026E+0001
 1.35893002152443E-0001
-5.85495519638062E+0000
 1.12189207077026E+0001
 1.35893002152443E-0001
-5.85495519638062E+0000
 4.47199487686157E+0000
 4.30755281448364E+0000
 4.82927703857422E+0000
 1.24268901348114E+0000
 4.49535799026489E+0000
 2.78453397750854E+0000
 1.12189207077026E+0001
 1.35893002152443E-0001
-5.85495519638062E+0000
 1.24268901348114E+0000
 4.49535799026489E+0000
 2.78453397750854E+0000
 7.97506380081177E+0000
-1.43149998039007E-0002
-7.87967300415039E+0000
 7.97506380081177E+0000
-1.43149998039007E-0002
-7.87967300415039E+0000
 1.24268901348114E+0000
 4.49535799026489E+0000
 2.78453397750854E+0000
-5.67866027355194E-0001
 7.24387979507446E+0000
 8.32055985927582E-0001
 7.97506380081177E+0000
-1.43149998039007E-0002
-7.87967300415039E+0000
-5.67866027355194E-0001
 7.24387979507446E+0000
 8.32055985927582E-0001
 6.24161291122437E+0000
 2.29779100418091E+0000
-1.03884506225585E+0001
 6.24161291122437E+0000
 2.29779100418091E+0000
-1.03884506225585E+0001
-5.67866027355194E-0001
 7.24387979507446E+0000
 8.32055985927582E-0001
 1.00928001105785E-0001
 1.09430751800537E+0001
 1.15578003227710E-0001
 6.24161291122437E+0000
 2.29779100418091E+0000
-1.03884506225585E+0001
 1.00928001105785E-0001
 1.09430751800537E+0001
 1.15578003227710E-0001
 7.03399991989136E+0000
 5.71781301498413E+0000
-1.19116811752319E+0001
 1.00928001105785E-0001
 1.09430751800537E+0001
 1.15578003227710E-0001
-7.86097383499146E+0000
 1.46847944259643E+0001
 1.01008329391479E+0001
-6.12034416198730E+0000
 1.65725402832031E+0001
 1.29383106231689E+0001
 1.00928001105785E-0001
 1.09430751800537E+0001
 1.15578003227710E-0001
-6.12034416198730E+0000
 1.65725402832031E+0001
 1.29383106231689E+0001
 2.85730099678040E+0000
 1.34260015487670E+0001
 1.05480194091797E+0000
 2.85730099678040E+0000
 1.34260015487670E+0001
 1.05480194091797E+0000
-6.12034416198730E+0000
 1.65725402832031E+0001
 1.29383106231689E+0001
-4.36520004272461E+0000
 1.55600757598877E+0001
 1.61847000122070E+0001
 2.85730099678040E+0000
 1.34260015487670E+0001
 1.05480194091797E+0000
-4.36520004272461E+0000
 1.55600757598877E+0001
 1.61847000122070E+0001
 6.08660793304443E+0000
 1.32381963729858E+0001
 3.09954404830933E+0000
 6.08660793304443E+0000
 1.32381963729858E+0001
 3.09954404830933E+0000
-4.36520004272461E+0000
 1.55600757598877E+0001
 1.61847000122070E+0001
-3.62368106842041E+0000
 1.22404870986938E+0001
 1.79383106231689E+0001
 6.08660793304443E+0000
 1.32381963729858E+0001
 3.09954404830933E+0000
-3.62368106842041E+0000
 1.22404870986938E+0001
 1.79383106231689E+0001
 7.89716291427612E+0000
 1.04896726608276E+0001
 5.05202198028564E+0000
 7.89716291427612E+0000
 1.04896726608276E+0001
 5.05202198028564E+0000
-3.62368106842041E+0000
 1.22404870986938E+0001
 1.79383106231689E+0001
-4.33016014099121E+0000
 8.55834674835205E+0000
 1.71718997955322E+0001
 7.89716291427612E+0000
 1.04896726608276E+0001
 5.05202198028564E+0000
-4.33016014099121E+0000
 8.55834674835205E+0000
 1.71718997955322E+0001
 7.22836923599243E+0000
 6.79048013687134E+0000
 5.76850080490112E+0000
 7.22836923599243E+0000
 6.79048013687134E+0000
 5.76850080490112E+0000
-4.33016014099121E+0000
 8.55834674835205E+0000
 1.71718997955322E+0001
-6.07079076766968E+0000
 6.67059993743896E+0000
 1.43344202041626E+0001
 7.22836923599243E+0000
 6.79048013687134E+0000
 5.76850080490112E+0000
-6.07079076766968E+0000
 6.67059993743896E+0000
 1.43344202041626E+0001
 4.47199487686157E+0000
 4.30755281448364E+0000
 4.82927703857422E+0000
 4.47199487686157E+0000
 4.30755281448364E+0000
 4.82927703857422E+0000
-6.07079076766968E+0000
 6.67059993743896E+0000
 1.43344202041626E+0001
-7.82593393325806E+0000
 7.68306493759155E+0000
 1.10880317687988E+0001
 4.47199487686157E+0000
 4.30755281448364E+0000
 4.82927703857422E+0000
-7.82593393325806E+0000
 7.68306493759155E+0000
 1.10880317687988E+0001
 1.24268901348114E+0000
 4.49535799026489E+0000
 2.78453397750854E+0000
 1.24268901348114E+0000
 4.49535799026489E+0000
 2.78453397750854E+0000
-7.82593393325806E+0000
 7.68306493759155E+0000
 1.10880317687988E+0001
-8.56745338439941E+0000
 1.10026531219482E+0001
 9.33442211151123E+0000
 1.24268901348114E+0000
 4.49535799026489E+0000
 2.78453397750854E+0000
-8.56745338439941E+0000
 1.10026531219482E+0001
 9.33442211151123E+0000
-5.67866027355194E-0001
 7.24387979507446E+0000
 8.32055985927582E-0001
-5.67866027355194E-0001
 7.24387979507446E+0000
 8.32055985927582E-0001
-8.56745338439941E+0000
 1.10026531219482E+0001
 9.33442211151123E+0000
-7.86097383499146E+0000
 1.46847944259643E+0001
 1.01008329391479E+0001
-5.67866027355194E-0001
 7.24387979507446E+0000
 8.32055985927582E-0001
-7.86097383499146E+0000
 1.46847944259643E+0001
 1.01008329391479E+0001
 1.00928001105785E-0001
 1.09430751800537E+0001
 1.15578003227710E-0001
-7.86097383499146E+0000
 1.46847944259643E+0001
 1.01008329391479E+0001
-2.27882099151611E+0001
 8.93190097808838E+0000
 4.59804391860962E+0000
-2.61129627227783E+0001
 8.38725185394287E+0000
 6.41299104690552E+0000
-7.86097383499146E+0000
 1.46847944259643E+0001
 1.01008329391479E+0001
-2.61129627227783E+0001
 8.38725185394287E+0000
 6.41299104690552E+0000
-6.12034416198730E+0000
 1.65725402832031E+0001
 1.29383106231689E+0001
-6.12034416198730E+0000
 1.65725402832031E+0001
 1.29383106231689E+0001
-2.61129627227783E+0001
 8.38725185394287E+0000
 6.41299104690552E+0000
-2.74810867309570E+0001
 5.74488782882690E+0000
 8.81940174102783E+0000
-6.12034416198730E+0000
 1.65725402832031E+0001
 1.29383106231689E+0001
-2.74810867309570E+0001
 5.74488782882690E+0000
 8.81940174102783E+0000
-4.36520004272461E+0000
 1.55600757598877E+0001
 1.61847000122070E+0001
-4.36520004272461E+0000
 1.55600757598877E+0001
 1.61847000122070E+0001
-2.74810867309570E+0001
 5.74488782882690E+0000
 8.81940174102783E+0000
-2.60911502838135E+0001
 2.55267000198364E+0000
 1.04076347351074E+0001
-4.36520004272461E+0000
 1.55600757598877E+0001
 1.61847000122070E+0001
-2.60911502838135E+0001
 2.55267000198364E+0000
 1.04076347351074E+0001
-3.62368106842041E+0000
 1.22404870986938E+0001
 1.79383106231689E+0001
-3.62368106842041E+0000
 1.22404870986938E+0001
 1.79383106231689E+0001
-2.60911502838135E+0001
 2.55267000198364E+0000
 1.04076347351074E+0001
-2.27573604583740E+0001
 6.80555999279022E-0001
 1.02473239898681E+0001
-3.62368106842041E+0000
 1.22404870986938E+0001
 1.79383106231689E+0001
-2.27573604583740E+0001
 6.80555999279022E-0001
 1.02473239898681E+0001
-4.33016014099121E+0000
 8.55834674835205E+0000
 1.71718997955322E+0001
-4.33016014099121E+0000
 8.55834674835205E+0000
 1.71718997955322E+0001
-2.27573604583740E+0001
 6.80555999279022E-0001
 1.02473239898681E+0001
-1.94326076507568E+0001
 1.22520601749420E+0000
 8.43237686157227E+0000
-4.33016014099121E+0000
 8.55834674835205E+0000
 1.71718997955322E+0001
-1.94326076507568E+0001
 1.22520601749420E+0000
 8.43237686157227E+0000
-6.07079076766968E+0000
 6.67059993743896E+0000
 1.43344202041626E+0001
-6.07079076766968E+0000
 6.67059993743896E+0000
 1.43344202041626E+0001
-1.94326076507568E+0001
 1.22520601749420E+0000
 8.43237686157227E+0000
-1.80644836425781E+0001
 3.86756896972656E+0000
 6.02596712112427E+0000
-6.07079076766968E+0000
 6.67059993743896E+0000
 1.43344202041626E+0001
-1.80644836425781E+0001
 3.86756896972656E+0000
 6.02596712112427E+0000
-7.82593393325806E+0000
 7.68306493759155E+0000
 1.10880317687988E+0001
-7.82593393325806E+0000
 7.68306493759155E+0000
 1.10880317687988E+0001
-1.80644836425781E+0001
 3.86756896972656E+0000
 6.02596712112427E+0000
-1.94544200897217E+0001
 7.05978679656982E+0000
 4.43773412704468E+0000
-7.82593393325806E+0000
 7.68306493759155E+0000
 1.10880317687988E+0001
-1.94544200897217E+0001
 7.05978679656982E+0000
 4.43773412704468E+0000
-8.56745338439941E+0000
 1.10026531219482E+0001
 9.33442211151123E+0000
-8.56745338439941E+0000
 1.10026531219482E+0001
 9.33442211151123E+0000
-1.94544200897217E+0001
 7.05978679656982E+0000
 4.43773412704468E+0000
-2.27882099151611E+0001
 8.93190097808838E+0000
 4.59804391860962E+0000
-8.56745338439941E+0000
 1.10026531219482E+0001
 9.33442211151123E+0000
-2.27882099151611E+0001
 8.93190097808838E+0000
 4.59804391860962E+0000
-7.86097383499146E+0000
 1.46847944259643E+0001
 1.01008329391479E+0001
-2.27882099151611E+0001
 8.93190097808838E+0000
 4.59804391860962E+0000
-1.38933534622192E+0001
-7.31439876556396E+0000
-1.82611217498779E+0001
-1.52395133972168E+0001
-1.04846372604370E+0001
-1.99290828704834E+0001
-2.27882099151611E+0001
 8.93190097808838E+0000
 4.59804391860962E+0000
-1.52395133972168E+0001
-1.04846372604370E+0001
-1.99290828704834E+0001
-2.61129627227783E+0001
 8.38725185394287E+0000
 6.41299104690552E+0000
-2.61129627227783E+0001
 8.38725185394287E+0000
 6.41299104690552E+0000
-1.52395133972168E+0001
-1.04846372604370E+0001
-1.99290828704834E+0001
-1.60537834167480E+0001
-1.40301923751831E+0001
-1.87413692474365E+0001
-2.61129627227783E+0001
 8.38725185394287E+0000
 6.41299104690552E+0000
-1.60537834167480E+0001
-1.40301923751831E+0001
-1.87413692474365E+0001
-2.74810867309570E+0001
 5.74488782882690E+0000
 8.81940174102783E+0000
-2.74810867309570E+0001
 5.74488782882690E+0000
 8.81940174102783E+0000
-1.60537834167480E+0001
-1.40301923751831E+0001
-1.87413692474365E+0001
-1.58591728210449E+0001
-1.58741273880004E+0001
-1.53937301635742E+0001
-2.74810867309570E+0001
 5.74488782882690E+0000
 8.81940174102783E+0000
-1.58591728210449E+0001
-1.58741273880004E+0001
-1.53937301635742E+0001
-2.60911502838135E+0001
 2.55267000198364E+0000
 1.04076347351074E+0001
-2.60911502838135E+0001
 2.55267000198364E+0000
 1.04076347351074E+0001
-1.58591728210449E+0001
-1.58741273880004E+0001
-1.53937301635742E+0001
-1.47696819305419E+0001
-1.49362878799438E+0001
-1.18471641540527E+0001
-2.60911502838135E+0001
 2.55267000198364E+0000
 1.04076347351074E+0001
-1.47696819305419E+0001
-1.49362878799438E+0001
-1.18471641540527E+0001
-2.27573604583740E+0001
 6.80555999279022E-0001
 1.02473239898681E+0001
-2.27573604583740E+0001
 6.80555999279022E-0001
 1.02473239898681E+0001
-1.47696819305419E+0001
-1.49362878799438E+0001
-1.18471641540527E+0001
-1.34235200881958E+0001
-1.17660484313964E+0001
-1.01792030334472E+0001
-2.27573604583740E+0001
 6.80555999279022E-0001
 1.02473239898681E+0001
-1.34235200881958E+0001
-1.17660484313964E+0001
-1.01792030334472E+0001
-1.94326076507568E+0001
 1.22520601749420E+0000
 8.43237686157227E+0000
-1.94326076507568E+0001
 1.22520601749420E+0000
 8.43237686157227E+0000
-1.34235200881958E+0001
-1.17660484313964E+0001
-1.01792030334472E+0001
-1.26092510223388E+0001
-8.22049427032471E+0000
-1.13669157028198E+0001
-1.94326076507568E+0001
 1.22520601749420E+0000
 8.43237686157227E+0000
-1.26092510223388E+0001
-8.22049427032471E+0000
-1.13669157028198E+0001
-1.80644836425781E+0001
 3.86756896972656E+0000
 6.02596712112427E+0000
-1.80644836425781E+0001
 3.86756896972656E+0000
 6.02596712112427E+0000
-1.26092510223388E+0001
-8.22049427032471E+0000
-1.13669157028198E+0001
-1.28038606643676E+0001
-6.37656021118164E+0000
-1.47145547866821E+0001
-1.80644836425781E+0001
 3.86756896972656E+0000
 6.02596712112427E+0000
-1.28038606643676E+0001
-6.37656021118164E+0000
-1.47145547866821E+0001
-1.94544200897217E+0001
 7.05978679656982E+0000
 4.43773412704468E+0000
-1.94544200897217E+0001
 7.05978679656982E+0000
 4.43773412704468E+0000
-1.28038606643676E+0001
-6.37656021118164E+0000
-1.47145547866821E+0001
-1.38933534622192E+0001
-7.31439876556396E+0000
-1.82611217498779E+0001
-1.94544200897217E+0001
 7.05978679656982E+0000
 4.43773412704468E+0000
-1.38933534622192E+0001
-7.31439876556396E+0000
-1.82611217498779E+0001
-2.27882099151611E+0001
 8.93190097808838E+0000
 4.59804391860962E+0000
-1.38933534622192E+0001
-7.31439876556396E+0000
-1.82611217498779E+0001
 2.68055701255798E+0000
-8.60605239868164E+0000
-1.19121494293212E+0001
 3.44030094146729E+0000
-1.23399419784545E+0001
-1.15578556060791E+0001
-1.38933534622192E+0001
-7.31439876556396E+0000
-1.82611217498779E+0001
 3.44030094146729E+0000
-1.23399419784545E+0001
-1.15578556060791E+0001
-1.52395133972168E+0001
-1.04846372604370E+0001
-1.99290828704834E+0001
-1.52395133972168E+0001
-1.04846372604370E+0001
-1.99290828704834E+0001
 3.44030094146729E+0000
-1.23399419784545E+0001
-1.15578556060791E+0001
 1.94914102554321E+0000
-1.52245588302612E+0001
-9.53299045562744E+0000
-1.52395133972168E+0001
-1.04846372604370E+0001
-1.99290828704834E+0001
 1.94914102554321E+0000
-1.52245588302612E+0001
-9.53299045562744E+0000
-1.60537834167480E+0001
-1.40301923751831E+0001
-1.87413692474365E+0001
-1.60537834167480E+0001
-1.40301923751831E+0001
-1.87413692474365E+0001
 1.94914102554321E+0000
-1.52245588302612E+0001
-9.53299045562744E+0000
-9.19421970844269E-0001
-1.55701360702514E+0001
-7.02369117736816E+0000
-1.60537834167480E+0001
-1.40301923751831E+0001
-1.87413692474365E+0001
-9.19421970844269E-0001
-1.55701360702514E+0001
-7.02369117736816E+0000
-1.58591728210449E+0001
-1.58741273880004E+0001
-1.53937301635742E+0001
-1.58591728210449E+0001
-1.58741273880004E+0001
-1.53937301635742E+0001
-9.19421970844269E-0001
-1.55701360702514E+0001
-7.02369117736816E+0000
-3.48502397537231E+0000
-1.31742382049560E+0001
-5.49987220764160E+0000
-1.58591728210449E+0001
-1.58741273880004E+0001
-1.53937301635742E+0001
-3.48502397537231E+0000
-1.31742382049560E+0001
-5.49987220764160E+0000
-1.47696819305419E+0001
-1.49362878799438E+0001
-1.18471641540527E+0001
-1.47696819305419E+0001
-1.49362878799438E+0001
-1.18471641540527E+0001
-3.48502397537231E+0000
-1.31742382049560E+0001
-5.49987220764160E+0000
-4.24476814270020E+0000
-9.44034862518311E+0000
-5.85416603088379E+0000
-1.47696819305419E+0001
-1.49362878799438E+0001
-1.18471641540527E+0001
-4.24476814270020E+0000
-9.44034862518311E+0000
-5.85416603088379E+0000
-1.34235200881958E+0001
-1.17660484313964E+0001
-1.01792030334472E+0001
-1.34235200881958E+0001
-1.17660484313964E+0001
-1.01792030334472E+0001
-4.24476814270020E+0000
-9.44034862518311E+0000
-5.85416603088379E+0000
-2.75360798835754E+0000
-6.55573177337646E+0000
-7.87903213500977E+0000
-1.34235200881958E+0001
-1.17660484313964E+0001
-1.01792030334472E+0001
-2.75360798835754E+0000
-6.55573177337646E+0000
-7.87903213500977E+0000
-1.26092510223388E+0001
-8.22049427032471E+0000
-1.13669157028198E+0001
-1.26092510223388E+0001
-8.22049427032471E+0000
-1.13669157028198E+0001
-2.75360798835754E+0000
-6.55573177337646E+0000
-7.87903213500977E+0000
 1.14955000579357E-0001
-6.21015501022339E+0000
-1.03883304595947E+0001
-1.26092510223388E+0001
-8.22049427032471E+0000
-1.13669157028198E+0001
 1.14955000579357E-0001
-6.21015501022339E+0000
-1.03883304595947E+0001
-1.28038606643676E+0001
-6.37656021118164E+0000
-1.47145547866821E+0001
-1.28038606643676E+0001
-6.37656021118164E+0000
-1.47145547866821E+0001
 1.14955000579357E-0001
-6.21015501022339E+0000
-1.03883304595947E+0001
 2.68055701255798E+0000
-8.60605239868164E+0000
-1.19121494293212E+0001
-1.28038606643676E+0001
-6.37656021118164E+0000
-1.47145547866821E+0001
 2.68055701255798E+0000
-8.60605239868164E+0000
-1.19121494293212E+0001
-1.38933534622192E+0001
-7.31439876556396E+0000
-1.82611217498779E+0001
 2.68055701255798E+0000
-8.60605239868164E+0000
-1.19121494293212E+0001
 1.06735773086547E+0001
-5.21404314041138E+0000
 1.16765998303890E-0001
 1.14458055496215E+0001
-8.84270572662354E+0000
 1.05545103549957E+0000
 2.68055701255798E+0000
-8.60605239868164E+0000
-1.19121494293212E+0001
 1.14458055496215E+0001
-8.84270572662354E+0000
 1.05545103549957E+0000
 3.44030094146729E+0000
-1.23399419784545E+0001
-1.15578556060791E+0001
 3.44030094146729E+0000
-1.23399419784545E+0001
-1.15578556060791E+0001
 1.14458055496215E+0001
-8.84270572662354E+0000
 1.05545103549957E+0000
 9.66831016540527E+0000
-1.15460348129272E+0001
 3.09926700592041E+0000
 3.44030094146729E+0000
-1.23399419784545E+0001
-1.15578556060791E+0001
 9.66831016540527E+0000
-1.15460348129272E+0001
 3.09926700592041E+0000
 1.94914102554321E+0000
-1.52245588302612E+0001
-9.53299045562744E+0000
 1.94914102554321E+0000
-1.52245588302612E+0001
-9.53299045562744E+0000
 9.66831016540527E+0000
-1.15460348129272E+0001
 3.09926700592041E+0000
 6.38232517242432E+0000
-1.17404565811157E+0001
 5.05097484588623E+0000
 1.94914102554321E+0000
-1.52245588302612E+0001
-9.53299045562744E+0000
 6.38232517242432E+0000
-1.17404565811157E+0001
 5.05097484588623E+0000
-9.19421970844269E-0001
-1.55701360702514E+0001
-7.02369117736816E+0000
-9.19421970844269E-0001
-1.55701360702514E+0001
-7.02369117736816E+0000
 6.38232517242432E+0000
-1.17404565811157E+0001
 5.05097484588623E+0000
 3.51273488998413E+0000
-9.31208133697510E+0000
 5.76729011535645E+0000
-9.19421970844269E-0001
-1.55701360702514E+0001
-7.02369117736816E+0000
 3.51273488998413E+0000
-9.31208133697510E+0000
 5.76729011535645E+0000
-3.48502397537231E+0000
-1.31742382049560E+0001
-5.49987220764160E+0000
-3.48502397537231E+0000
-1.31742382049560E+0001
-5.49987220764160E+0000
 3.51273488998413E+0000
-9.31208133697510E+0000
 5.76729011535645E+0000
 2.74050688743591E+0000
-5.68341684341431E+0000
 4.82860517501831E+0000
-3.48502397537231E+0000
-1.31742382049560E+0001
-5.49987220764160E+0000
 2.74050688743591E+0000
-5.68341684341431E+0000
 4.82860517501831E+0000
-4.24476814270020E+0000
-9.44034862518311E+0000
-5.85416603088379E+0000
-4.24476814270020E+0000
-9.44034862518311E+0000
-5.85416603088379E+0000
 2.74050688743591E+0000
-5.68341684341431E+0000
 4.82860517501831E+0000
 4.51800203323364E+0000
-2.98008894920349E+0000
 2.78478908538818E+0000
-4.24476814270020E+0000
-9.44034862518311E+0000
-5.85416603088379E+0000
 4.51800203323364E+0000
-2.98008894920349E+0000
 2.78478908538818E+0000
-2.75360798835754E+0000
-6.55573177337646E+0000
-7.87903213500977E+0000
-2.75360798835754E+0000
-6.55573177337646E+0000
-7.87903213500977E+0000
 4.51800203323364E+0000
-2.98008894920349E+0000
 2.78478908538818E+0000
 7.80398702621460E+0000
-2.78566694259644E+0000
 8.33081007003784E-0001
-2.75360798835754E+0000
-6.55573177337646E+0000
-7.87903213500977E+0000
 7.80398702621460E+0000
-2.78566694259644E+0000
 8.33081007003784E-0001
 1.14955000579357E-0001
-6.21015501022339E+0000
-1.03883304595947E+0001
 1.14955000579357E-0001
-6.21015501022339E+0000
-1.03883304595947E+0001
 7.80398702621460E+0000
-2.78566694259644E+0000
 8.33081007003784E-0001
 1.06735773086547E+0001
-5.21404314041138E+0000
 1.16765998303890E-0001
 1.14955000579357E-0001
-6.21015501022339E+0000
-1.03883304595947E+0001
 1.06735773086547E+0001
-5.21404314041138E+0000
 1.16765998303890E-0001
 2.68055701255798E+0000
-8.60605239868164E+0000
-1.19121494293212E+0001
 1.06735773086547E+0001
-5.21404314041138E+0000
 1.16765998303890E-0001
 1.78945140838623E+0001
-1.90620005130768E-0001
 1.01008300781250E+0001
 1.86589298248291E+0001
-2.64205503463745E+0000
 1.29382219314575E+0001
 1.06735773086547E+0001
-5.21404314041138E+0000
 1.16765998303890E-0001
 1.86589298248291E+0001
-2.64205503463745E+0000
 1.29382219314575E+0001
 1.14458055496215E+0001
-8.84270572662354E+0000
 1.05545103549957E+0000
 1.14458055496215E+0001
-8.84270572662354E+0000
 1.05545103549957E+0000
 1.86589298248291E+0001
-2.64205503463745E+0000
 1.29382219314575E+0001
 1.69044933319092E+0001
-3.65586090087891E+0000
 1.61845760345459E+0001
 1.14458055496215E+0001
-8.84270572662354E+0000
 1.05545103549957E+0000
 1.69044933319092E+0001
-3.65586090087891E+0000
 1.61845760345459E+0001
 9.66831016540527E+0000
-1.15460348129272E+0001
 3.09926700592041E+0000
 9.66831016540527E+0000
-1.15460348129272E+0001
 3.09926700592041E+0000
 1.69044933319092E+0001
-3.65586090087891E+0000
 1.61845760345459E+0001
 1.36589307785034E+0001
-2.63816308975220E+0000
 1.79382209777832E+0001
 9.66831016540527E+0000
-1.15460348129272E+0001
 3.09926700592041E+0000
 1.36589307785034E+0001
-2.63816308975220E+0000
 1.79382209777832E+0001
 6.38232517242432E+0000
-1.17404565811157E+0001
 5.05097484588623E+0000
 6.38232517242432E+0000
-1.17404565811157E+0001
 5.05097484588623E+0000
 1.36589307785034E+0001
-2.63816308975220E+0000
 1.79382209777832E+0001
 1.08234481811523E+0001
-1.85114994645119E-0001
 1.71718959808350E+0001
 6.38232517242432E+0000
-1.17404565811157E+0001
 5.05097484588623E+0000
 1.08234481811523E+0001
-1.85114994645119E-0001
 1.71718959808350E+0001
 3.51273488998413E+0000
-9.31208133697510E+0000
 5.76729011535645E+0000
 3.51273488998413E+0000
-9.31208133697510E+0000
 5.76729011535645E+0000
 1.08234481811523E+0001
-1.85114994645119E-0001
 1.71718959808350E+0001
 1.00590324401855E+0001
 2.26632094383240E+0000
 1.43345031738281E+0001
 3.51273488998413E+0000
-9.31208133697510E+0000
 5.76729011535645E+0000
 1.00590324401855E+0001
 2.26632094383240E+0000
 1.43345031738281E+0001
 2.74050688743591E+0000
-5.68341684341431E+0000
 4.82860517501831E+0000
 2.74050688743591E+0000
-5.68341684341431E+0000
 4.82860517501831E+0000
 1.00590324401855E+0001
 2.26632094383240E+0000
 1.43345031738281E+0001
 1.18134689331054E+0001
 3.28012609481812E+0000
 1.10881500244140E+0001
 2.74050688743591E+0000
-5.68341684341431E+0000
 4.82860517501831E+0000
 1.18134689331054E+0001
 3.28012609481812E+0000
 1.10881500244140E+0001
 4.51800203323364E+0000
-2.98008894920349E+0000
 2.78478908538818E+0000
 4.51800203323364E+0000
-2.98008894920349E+0000
 2.78478908538818E+0000
 1.18134689331054E+0001
 3.28012609481812E+0000
 1.10881500244140E+0001
 1.50590305328369E+0001
 2.26242804527283E+0000
 9.33450508117676E+0000
 4.51800203323364E+0000
-2.98008894920349E+0000
 2.78478908538818E+0000
 1.50590305328369E+0001
 2.26242804527283E+0000
 9.33450508117676E+0000
 7.80398702621460E+0000
-2.78566694259644E+0000
 8.33081007003784E-0001
 7.80398702621460E+0000
-2.78566694259644E+0000
 8.33081007003784E-0001
 1.50590305328369E+0001
 2.26242804527283E+0000
 9.33450508117676E+0000
 1.78945140838623E+0001
-1.90620005130768E-0001
 1.01008300781250E+0001
 7.80398702621460E+0000
-2.78566694259644E+0000
 8.33081007003784E-0001
 1.78945140838623E+0001
-1.90620005130768E-0001
 1.01008300781250E+0001
 1.06735773086547E+0001
-5.21404314041138E+0000
 1.16765998303890E-0001