 5.71826994419098E-0001
 4.18524169921875E+0001
 0.00000000000000E+0000
 1.99019546508789E+0001
 3.53331794738770E+0001
 5.00000000000000E+0000
 2.05718269348145E+0001
 3.64934349060059E+0001
 0.00000000000000E+0000
 5.71826994419098E-0001
 4.18524169921875E+0001
 0.00000000000000E+0000
 5.71826994419098E-0001
 4.05126724243164E+0001
 5.00000000000000E+0000
 1.99019546508789E+0001
 3.53331794738770E+0001
 5.00000000000000E+0000
 5.71826994419098E-0001
 4.05126724243164E+0001
 5.00000000000000E+0000
 1.80718269348145E+0001
 3.21633071899414E+0001
 8.66025352478027E+0000
 1.99019546508789E+0001
 3.53331794738770E+0001
 5.00000000000000E+0000
 5.71826994419098E-0001
 4.05126724243164E+0001
 5.00000000000000E+0000
 5.71826994419098E-0001
 3.68524169921875E+0001
 8.66025352478027E+0000
 1.80718269348145E+0001
 3.21633071899414E+0001
 8.66025352478027E+0000
 5.71826994419098E-0001
 3.68524169921875E+0001
 8.66025352478027E+0000
 1.55718278884887E+0001
 2.78331794738770E+0001
 1.00000000000000E+0001
 1.80718269348145E+0001
 3.21633071899414E+0001
 8.66025352478027E+0000
 5.71826994419098E-0001
 3.68524169921875E+0001
 8.66025352478027E+0000
 5.71826994419098E-0001
 3.18524169921875E+0001
 1.00000000000000E+0001
 1.55718278884887E+0001
 2.78331794738770E+0001
 1.00000000000000E+0001
 5.71826994419098E-0001
 3.18524169921875E+0001
 1.00000000000000E+0001
 1.30718278884887E+0001
 2.35030536651611E+0001
 8.66025352478027E+0000
 1.55718278884887E+0001
 2.78331794738770E+0001
 1.00000000000000E+0001
 5.71826994419098E-0001
 3.18524169921875E+0001
 1.00000000000000E+0001
 5.71828007698059E-0001
 2.68524169921875E+0001
 8.66025352478027E+0000
 1.30718278884887E+0001
 2.35030536651611E+0001
 8.66025352478027E+0000
 5.71828007698059E-0001
 2.68524169921875E+0001
 8.66025352478027E+0000
 1.12417011260986E+0001
 2.03331794738770E+0001
 5.00000000000000E+0000
 1.30718278884887E+0001
 2.35030536651611E+0001
 8.66025352478027E+0000
 5.71828007698059E-0001
 2.68524169921875E+0001
 8.66025352478027E+0000
 5.71828007698059E-0001
 2.31921634674072E+0001
 5.00000000000000E+0000
 1.12417011260986E+0001
 2.03331794738770E+0001
 5.00000000000000E+0000
 5.71828007698059E-0001
 2.31921634674072E+0001
 5.00000000000000E+0000
 1.05718278884887E+0001
 1.91729259490967E+0001
-9.99999997475243E-0007
 1.12417011260986E+0001
 2.03331794738770E+0001
 5.00000000000000E+0000
 5.71828007698059E-0001
 2.31921634674072E+0001
 5.00000000000000E+0000
 5.71828007698059E-0001
 2.18524169921875E+0001
-9.99999997475243E-0007
 1.05718278884887E+0001
 1.91729259490967E+0001
-9.99999997475243E-0007
 5.71828007698059E-0001
 2.18524169921875E+0001
-9.99999997475243E-0007
 1.12417011260986E+0001
 2.03331813812256E+0001
-5.00000095367432E+0000
 1.05718278884887E+0001
 1.91729259490967E+0001
-9.99999997475243E-0007
 5.71828007698059E-0001
 2.18524169921875E+0001
-9.99999997475243E-0007
 5.71828007698059E-0001
 2.31921634674072E+0001
-5.00000095367432E+0000
 1.12417011260986E+0001
 2.03331813812256E+0001
-5.00000095367432E+0000
 5.71828007698059E-0001
 2.31921634674072E+0001
-5.00000095367432E+0000
 1.30718288421630E+0001
 2.35030536651611E+0001
-8.66025352478027E+0000
 1.12417011260986E+0001
 2.03331813812256E+0001
-5.00000095367432E+0000
 5.71828007698059E-0001
 2.31921634674072E+0001
-5.00000095367432E+0000
 5.71828007698059E-0001
 2.68524188995361E+0001
-8.66025352478027E+0000
 1.30718288421630E+0001
 2.35030536651611E+0001
-8.66025352478027E+0000
 5.71828007698059E-0001
 2.68524188995361E+0001
-8.66025352478027E+0000
 1.55718288421630E+0001
 2.78331813812256E+0001
-1.00000000000000E+0001
 1.30718288421630E+0001
 2.35030536651611E+0001
-8.66025352478027E+0000
 5.71828007698059E-0001
 2.68524188995361E+0001
-8.66025352478027E+0000
 5.71826994419098E-0001
 3.18524188995361E+0001
-1.00000000000000E+0001
 1.55718288421630E+0001
 2.78331813812256E+0001
-1.00000000000000E+0001
 5.71826994419098E-0001
 3.18524188995361E+0001
-1.00000000000000E+0001
 1.80718288421631E+0001
 3.21633071899414E+0001
-8.66025352478027E+0000
 1.55718288421630E+0001
 2.78331813812256E+0001
-1.00000000000000E+0001
 5.71826994419098E-0001
 3.18524188995361E+0001
-1.00000000000000E+0001
 5.71826994419098E-0001
 3.68524169921875E+0001
-8.66025352478027E+0000
 1.80718288421631E+0001
 3.21633071899414E+0001
-8.66025352478027E+0000
 5.71826994419098E-0001
 3.68524169921875E+0001
-8.66025352478027E+0000
 1.99019546508789E+0001
 3.53331832885742E+0001
-4.99999904632568E+0000
 1.80718288421631E+0001
 3.21633071899414E+0001
-8.66025352478027E+0000
 5.71826994419098E-0001
 3.68524169921875E+0001
-8.66025352478027E+0000
 5.71826994419098E-0001
 4.05126724243164E+0001
-4.99999904632568E+0000
 1.99019546508789E+0001
 3.53331832885742E+0001
-4.99999904632568E+0000
 5.71826994419098E-0001
 4.05126724243164E+0001
-4.99999904632568E+0000
 2.05718269348145E+0001
 3.64934349060059E+0001
 0.00000000000000E+0000
 1.99019546508789E+0001
 3.53331832885742E+0001
-4.99999904632568E+0000
 5.71826994419098E-0001
 4.05126724243164E+0001
-4.99999904632568E+0000
 5.71826994419098E-0001
 4.18524169921875E+0001
 0.00000000000000E+0000
 2.05718269348145E+0001
 3.64934349060059E+0001
 0.00000000000000E+0000
 2.05718269348145E+0001
 3.64934349060059E+0001
 0.00000000000000E+0000
 3.40525894165039E+0001
 2.11825447082520E+0001
 5.00000000000000E+0000
 3.52128410339355E+0001
 2.18524169921875E+0001
 0.00000000000000E+0000
 2.05718269348145E+0001
 3.64934349060059E+0001
 0.00000000000000E+0000
 1.99019546508789E+0001
 3.53331794738770E+0001
 5.00000000000000E+0000
 3.40525894165039E+0001
 2.11825447082520E+0001
 5.00000000000000E+0000
 1.99019546508789E+0001
 3.53331794738770E+0001
 5.00000000000000E+0000
 3.08827171325684E+0001
 1.93524169921875E+0001
 8.66025352478027E+0000
 3.40525894165039E+0001
 2.11825447082520E+0001
 5.00000000000000E+0000
 1.99019546508789E+0001
 3.53331794738770E+0001
 5.00000000000000E+0000
 1.80718269348145E+0001
 3.21633071899414E+0001
 8.66025352478027E+0000
 3.08827171325684E+0001
 1.93524169921875E+0001
 8.66025352478027E+0000
 1.80718269348145E+0001
 3.21633071899414E+0001
 8.66025352478027E+0000
 2.65525894165039E+0001
 1.68524169921875E+0001
 1.00000000000000E+0001
 3.08827171325684E+0001
 1.93524169921875E+0001
 8.66025352478027E+0000
 1.80718269348145E+0001
 3.21633071899414E+0001
 8.66025352478027E+0000
 1.55718278884887E+0001
 2.78331794738770E+0001
 1.00000000000000E+0001
 2.65525894165039E+0001
 1.68524169921875E+0001
 1.00000000000000E+0001
 1.55718278884887E+0001
 2.78331794738770E+0001
 1.00000000000000E+0001
 2.22224636077881E+0001
 1.43524169921875E+0001
 8.66025352478027E+0000
 2.65525894165039E+0001
 1.68524169921875E+0001
 1.00000000000000E+0001
 1.55718278884887E+0001
 2.78331794738770E+0001
 1.00000000000000E+0001
 1.30718278884887E+0001
 2.35030536651611E+0001
 8.66025352478027E+0000
 2.22224636077881E+0001
 1.43524169921875E+0001
 8.66025352478027E+0000
 1.30718278884887E+0001
 2.35030536651611E+0001
 8.66025352478027E+0000
 1.90525894165039E+0001
 1.25222902297973E+0001
 5.00000000000000E+0000
 2.22224636077881E+0001
 1.43524169921875E+0001
 8.66025352478027E+0000
 1.30718278884887E+0001
 2.35030536651611E+0001
 8.66025352478027E+0000
 1.12417011260986E+0001
 2.03331794738770E+0001
 5.00000000000000E+0000
 1.90525894165039E+0001
 1.25222902297973E+0001
 5.00000000000000E+0000
 1.12417011260986E+0001
 2.03331794738770E+0001
 5.00000000000000E+0000
 1.78923358917236E+0001
 1.18524169921875E+0001
-9.99999997475243E-0007
 1.90525894165039E+0001
 1.25222902297973E+0001
 5.00000000000000E+0000
 1.12417011260986E+0001
 2.03331794738770E+0001
 5.00000000000000E+0000
 1.05718278884887E+0001
 1.91729259490967E+0001
-9.99999997475243E-0007
 1.78923358917236E+0001
 1.18524169921875E+0001
-9.99999997475243E-0007
 1.05718278884887E+0001
 1.91729259490967E+0001
-9.99999997475243E-0007
 1.90525913238525E+0001
 1.25222902297973E+0001
-5.00000095367432E+0000
 1.78923358917236E+0001
 1.18524169921875E+0001
-9.99999997475243E-0007
 1.05718278884887E+0001
 1.91729259490967E+0001
-9.99999997475243E-0007
 1.12417011260986E+0001
 2.03331813812256E+0001
-5.00000095367432E+0000
 1.90525913238525E+0001
 1.25222902297973E+0001
-5.00000095367432E+0000
 1.12417011260986E+0001
 2.03331813812256E+0001
-5.00000095367432E+0000
 2.22224636077881E+0001
 1.43524179458618E+0001
-8.66025352478027E+0000
 1.90525913238525E+0001
 1.25222902297973E+0001
-5.00000095367432E+0000
 1.12417011260986E+0001
 2.03331813812256E+0001
-5.00000095367432E+0000
 1.30718288421630E+0001
 2.35030536651611E+0001
-8.66025352478027E+0000
 2.22224636077881E+0001
 1.43524179458618E+0001
-8.66025352478027E+0000
 1.30718288421630E+0001
 2.35030536651611E+0001
-8.66025352478027E+0000
 2.65525913238525E+0001
 1.68524169921875E+0001
-1.00000000000000E+0001
 2.22224636077881E+0001
 1.43524179458618E+0001
-8.66025352478027E+0000
 1.30718288421630E+0001
 2.35030536651611E+0001
-8.66025352478027E+0000
 1.55718288421630E+0001
 2.78331813812256E+0001
-1.00000000000000E+0001
 2.65525913238525E+0001
 1.68524169921875E+0001
-1.00000000000000E+0001
 1.55718288421630E+0001
 2.78331813812256E+0001
-1.00000000000000E+0001
 3.08827190399170E+0001
 1.93524169921875E+0001
-8.66025352478027E+0000
 2.65525913238525E+0001
 1.68524169921875E+0001
-1.00000000000000E+0001
 1.55718288421630E+0001
 2.78331813812256E+0001
-1.00000000000000E+0001
 1.80718288421631E+0001
 3.21633071899414E+0001
-8.66025352478027E+0000
 3.08827190399170E+0001
 1.93524169921875E+0001
-8.66025352478027E+0000
 1.80718288421631E+0001
 3.21633071899414E+0001
-8.66025352478027E+0000
 3.40525894165039E+0001
 2.11825447082520E+0001
-4.99999904632568E+0000
 3.08827190399170E+0001
 1.93524169921875E+0001
-8.66025352478027E+0000
 1.80718288421631E+0001
 3.21633071899414E+0001
-8.66025352478027E+0000
 1.99019546508789E+0001
 3.53331832885742E+0001
-4.99999904632568E+0000
 3.40525894165039E+0001
 2.11825447082520E+0001
-4.99999904632568E+0000
 1.99019546508789E+0001
 3.53331832885742E+0001
-4.99999904632568E+0000
 3.52128410339355E+0001
 2.18524169921875E+0001
 0.00000000000000E+0000
 3.40525894165039E+0001
 2.11825447082520E+0001
-4.99999904632568E+0000
 1.99019546508789E+0001
 3.53331832885742E+0001
-4.99999904632568E+0000
 2.05718269348145E+0001
 3.64934349060059E+0001
 0.00000000000000E+0000
 3.52128410339355E+0001
 2.18524169921875E+0001
 0.00000000000000E+0000
 3.52128410339355E+0001
 2.18524169921875E+0001
 0.00000000000000E+0000
 3.92320823669434E+0001
 1.85241699218750E+0000
 5.00000000000000E+0000
 4.05718269348145E+0001
 1.85241699218750E+0000
 0.00000000000000E+0000
 3.52128410339355E+0001
 2.18524169921875E+0001
 0.00000000000000E+0000
 3.40525894165039E+0001
 2.11825447082520E+0001
 5.00000000000000E+0000
 3.92320823669434E+0001
 1.85241699218750E+0000
 5.00000000000000E+0000
 3.40525894165039E+0001
 2.11825447082520E+0001
 5.00000000000000E+0000
 3.55718269348145E+0001
 1.85241699218750E+0000
 8.66025352478027E+0000
 3.92320823669434E+0001
 1.85241699218750E+0000
 5.00000000000000E+0000
 3.40525894165039E+0001
 2.11825447082520E+0001
 5.00000000000000E+0000
 3.08827171325684E+0001
 1.93524169921875E+0001
 8.66025352478027E+0000
 3.55718269348145E+0001
 1.85241699218750E+0000
 8.66025352478027E+0000
 3.08827171325684E+0001
 1.93524169921875E+0001
 8.66025352478027E+0000
 3.05718288421631E+0001
 1.85241699218750E+0000
 1.00000000000000E+0001
 3.55718269348145E+0001
 1.85241699218750E+0000
 8.66025352478027E+0000
 3.08827171325684E+0001
 1.93524169921875E+0001
 8.66025352478027E+0000
 2.65525894165039E+0001
 1.68524169921875E+0001
 1.00000000000000E+0001
 3.05718288421631E+0001
 1.85241699218750E+0000
 1.00000000000000E+0001
 2.65525894165039E+0001
 1.68524169921875E+0001
 1.00000000000000E+0001
 2.55718288421631E+0001
 1.85241699218750E+0000
 8.66025352478027E+0000
 3.05718288421631E+0001
 1.85241699218750E+0000
 1.00000000000000E+0001
 2.65525894165039E+0001
 1.68524169921875E+0001
 1.00000000000000E+0001
 2.22224636077881E+0001
 1.43524169921875E+0001
 8.66025352478027E+0000
 2.55718288421631E+0001
 1.85241699218750E+0000
 8.66025352478027E+0000
 2.22224636077881E+0001
 1.43524169921875E+0001
 8.66025352478027E+0000
 2.19115753173828E+0001
 1.85241699218750E+0000
 5.00000000000000E+0000
 2.55718288421631E+0001
 1.85241699218750E+0000
 8.66025352478027E+0000
 2.22224636077881E+0001
 1.43524169921875E+0001
 8.66025352478027E+0000
 1.90525894165039E+0001
 1.25222902297973E+0001
 5.00000000000000E+0000
 2.19115753173828E+0001
 1.85241699218750E+0000
 5.00000000000000E+0000
 1.90525894165039E+0001
 1.25222902297973E+0001
 5.00000000000000E+0000
 2.05718288421631E+0001
 1.85241699218750E+0000
-9.99999997475243E-0007
 2.19115753173828E+0001
 1.85241699218750E+0000
 5.00000000000000E+0000
 1.90525894165039E+0001
 1.25222902297973E+0001
 5.00000000000000E+0000
 1.78923358917236E+0001
 1.18524169921875E+0001
-9.99999997475243E-0007
 2.05718288421631E+0001
 1.85241699218750E+0000
-9.99999997475243E-0007
 1.78923358917236E+0001
 1.18524169921875E+0001
-9.99999997475243E-0007
 2.19115753173828E+0001
 1.85241699218750E+0000
-5.00000095367432E+0000
 2.05718288421631E+0001
 1.85241699218750E+0000
-9.99999997475243E-0007
 1.78923358917236E+0001
 1.18524169921875E+0001
-9.99999997475243E-0007
 1.90525913238525E+0001
 1.25222902297973E+0001
-5.00000095367432E+0000
 2.19115753173828E+0001
 1.85241699218750E+0000
-5.00000095367432E+0000
 1.90525913238525E+0001
 1.25222902297973E+0001
-5.00000095367432E+0000
 2.55718307495117E+0001
 1.85241699218750E+0000
-8.66025352478027E+0000
 2.19115753173828E+0001
 1.85241699218750E+0000
-5.00000095367432E+0000
 1.90525913238525E+0001
 1.25222902297973E+0001
-5.00000095367432E+0000
 2.22224636077881E+0001
 1.43524179458618E+0001
-8.66025352478027E+0000
 2.55718307495117E+0001
 1.85241699218750E+0000
-8.66025352478027E+0000
 2.22224636077881E+0001
 1.43524179458618E+0001
-8.66025352478027E+0000
 3.05718307495117E+0001
 1.85241699218750E+0000
-1.00000000000000E+0001
 2.55718307495117E+0001
 1.85241699218750E+0000
-8.66025352478027E+0000
 2.22224636077881E+0001
 1.43524179458618E+0001
-8.66025352478027E+0000
 2.65525913238525E+0001
 1.68524169921875E+0001
-1.00000000000000E+0001
 3.05718307495117E+0001
 1.85241699218750E+0000
-1.00000000000000E+0001
 2.65525913238525E+0001
 1.68524169921875E+0001
-1.00000000000000E+0001
 3.55718269348145E+0001
 1.85241699218750E+0000
-8.66025352478027E+0000
 3.05718307495117E+0001
 1.85241699218750E+0000
-1.00000000000000E+0001
 2.65525913238525E+0001
 1.68524169921875E+0001
-1.00000000000000E+0001
 3.08827190399170E+0001
 1.93524169921875E+0001
-8.66025352478027E+0000
 3.55718269348145E+0001
 1.85241699218750E+0000
-8.66025352478027E+0000
 3.08827190399170E+0001
 1.93524169921875E+0001
-8.66025352478027E+0000
 3.92320823669434E+0001
 1.85241699218750E+0000
-4.99999904632568E+0000
 3.55718269348145E+0001
 1.85241699218750E+0000
-8.66025352478027E+0000
 3.08827190399170E+0001
 1.93524169921875E+0001
-8.66025352478027E+0000
 3.40525894165039E+0001
 2.11825447082520E+0001
-4.99999904632568E+0000
 3.92320823669434E+0001
 1.85241699218750E+0000
-4.99999904632568E+0000
 3.40525894165039E+0001
 2.11825447082520E+0001
-4.99999904632568E+0000
 4.05718269348145E+0001
 1.85241699218750E+0000
 0.00000000000000E+0000
 3.92320823669434E+0001
 1.85241699218750E+0000
-4.99999904632568E+0000
 3.40525894165039E+0001
 2.11825447082520E+0001
-4.99999904632568E+0000
 3.52128410339355E+0001
 2.18524169921875E+0001
 0.00000000000000E+0000
 4.05718269348145E+0001
 1.85241699218750E+0000
 0.00000000000000E+0000
 4.05718269348145E+0001
 1.85241699218750E+0000
 0.00000000000000E+0000
 3.40525894165039E+0001
-1.74777107238770E+0001
 5.00000000000000E+0000
 3.52128410339355E+0001
-1.81475830078125E+0001
 0.00000000000000E+0000
 4.05718269348145E+0001
 1.85241699218750E+0000
 0.00000000000000E+0000
 3.92320823669434E+0001
 1.85241699218750E+0000
 5.00000000000000E+0000
 3.40525894165039E+0001
-1.74777107238770E+0001
 5.00000000000000E+0000
 3.92320823669434E+0001
 1.85241699218750E+0000
 5.00000000000000E+0000
 3.08827171325684E+0001
-1.56475830078125E+0001
 8.66025352478027E+0000
 3.40525894165039E+0001
-1.74777107238770E+0001
 5.00000000000000E+0000
 3.92320823669434E+0001
 1.85241699218750E+0000
 5.00000000000000E+0000
 3.55718269348145E+0001
 1.85241699218750E+0000
 8.66025352478027E+0000
 3.08827171325684E+0001
-1.56475830078125E+0001
 8.66025352478027E+0000
 3.55718269348145E+0001
 1.85241699218750E+0000
 8.66025352478027E+0000
 2.65525894165039E+0001
-1.31475830078125E+0001
 1.00000000000000E+0001
 3.08827171325684E+0001
-1.56475830078125E+0001
 8.66025352478027E+0000
 3.55718269348145E+0001
 1.85241699218750E+0000
 8.66025352478027E+0000
 3.05718288421631E+0001
 1.85241699218750E+0000
 1.00000000000000E+0001
 2.65525894165039E+0001
-1.31475830078125E+0001
 1.00000000000000E+0001
 3.05718288421631E+0001
 1.85241699218750E+0000
 1.00000000000000E+0001
 2.22224636077881E+0001
-1.06475830078125E+0001
 8.66025352478027E+0000
 2.65525894165039E+0001
-1.31475830078125E+0001
 1.00000000000000E+0001
 3.05718288421631E+0001
 1.85241699218750E+0000
 1.00000000000000E+0001
 2.55718288421631E+0001
 1.85241699218750E+0000
 8.66025352478027E+0000
 2.22224636077881E+0001
-1.06475830078125E+0001
 8.66025352478027E+0000
 2.55718288421631E+0001
 1.85241699218750E+0000
 8.66025352478027E+0000
 1.90525894165039E+0001
-8.81745624542236E+0000
 5.00000000000000E+0000
 2.22224636077881E+0001
-1.06475830078125E+0001
 8.66025352478027E+0000
 2.55718288421631E+0001
 1.85241699218750E+0000
 8.66025352478027E+0000
 2.19115753173828E+0001
 1.85241699218750E+0000
 5.00000000000000E+0000
 1.90525894165039E+0001
-8.81745624542236E+0000
 5.00000000000000E+0000
 2.19115753173828E+0001
 1.85241699218750E+0000
 5.00000000000000E+0000
 1.78923358917236E+0001
-8.14758300781250E+0000
-9.99999997475243E-0007
 1.90525894165039E+0001
-8.81745624542236E+0000
 5.00000000000000E+0000
 2.19115753173828E+0001
 1.85241699218750E+0000
 5.00000000000000E+0000
 2.05718288421631E+0001
 1.85241699218750E+0000
-9.99999997475243E-0007
 1.78923358917236E+0001
-8.14758300781250E+0000
-9.99999997475243E-0007
 2.05718288421631E+0001
 1.85241699218750E+0000
-9.99999997475243E-0007
 1.90525913238525E+0001
-8.81745624542236E+0000
-5.00000095367432E+0000
 1.78923358917236E+0001
-8.14758300781250E+0000
-9.99999997475243E-0007
 2.05718288421631E+0001
 1.85241699218750E+0000
-9.99999997475243E-0007
 2.19115753173828E+0001
 1.85241699218750E+0000
-5.00000095367432E+0000
 1.90525913238525E+0001
-8.81745624542236E+0000
-5.00000095367432E+0000
 2.19115753173828E+0001
 1.85241699218750E+0000
-5.00000095367432E+0000
 2.22224636077881E+0001
-1.06475839614868E+0001
-8.66025352478027E+0000
 1.90525913238525E+0001
-8.81745624542236E+0000
-5.00000095367432E+0000
 2.19115753173828E+0001
 1.85241699218750E+0000
-5.00000095367432E+0000
 2.55718307495117E+0001
 1.85241699218750E+0000
-8.66025352478027E+0000
 2.22224636077881E+0001
-1.06475839614868E+0001
-8.66025352478027E+0000
 2.55718307495117E+0001
 1.85241699218750E+0000
-8.66025352478027E+0000
 2.65525913238525E+0001
-1.31475839614868E+0001
-1.00000000000000E+0001
 2.22224636077881E+0001
-1.06475839614868E+0001
-8.66025352478027E+0000
 2.55718307495117E+0001
 1.85241699218750E+0000
-8.66025352478027E+0000
 3.05718307495117E+0001
 1.85241699218750E+0000
-1.00000000000000E+0001
 2.65525913238525E+0001
-1.31475839614868E+0001
-1.00000000000000E+0001
 3.05718307495117E+0001
 1.85241699218750E+0000
-1.00000000000000E+0001
 3.08827190399170E+0001
-1.56475830078125E+0001
-8.66025352478027E+0000
 2.65525913238525E+0001
-1.31475839614868E+0001
-1.00000000000000E+0001
 3.05718307495117E+0001
 1.85241699218750E+0000
-1.00000000000000E+0001
 3.55718269348145E+0001
 1.85241699218750E+0000
-8.66025352478027E+0000
 3.08827190399170E+0001
-1.56475830078125E+0001
-8.66025352478027E+0000
 3.55718269348145E+0001
 1.85241699218750E+0000
-8.66025352478027E+0000
 3.40525894165039E+0001
-1.74777107238770E+0001
-4.99999904632568E+0000
 3.08827190399170E+0001
-1.56475830078125E+0001
-8.66025352478027E+0000
 3.55718269348145E+0001
 1.85241699218750E+0000
-8.66025352478027E+0000
 3.92320823669434E+0001
 1.85241699218750E+0000
-4.99999904632568E+0000
 3.40525894165039E+0001
-1.74777107238770E+0001
-4.99999904632568E+0000
 3.92320823669434E+0001
 1.85241699218750E+0000
-4.99999904632568E+0000
 3.52128410339355E+0001
-1.81475830078125E+0001
 0.00000000000000E+0000
 3.40525894165039E+0001
-1.74777107238770E+0001
-4.99999904632568E+0000
 3.92320823669434E+0001
 1.85241699218750E+0000
-4.99999904632568E+0000
 4.05718269348145E+0001
 1.85241699218750E+0000
 0.00000000000000E+0000
 3.52128410339355E+0001
-1.81475830078125E+0001
 0.00000000000000E+0000
 3.52128410339355E+0001
-1.81475830078125E+0001
 0.00000000000000E+0000
 1.99019546508789E+0001
-3.16283454895020E+0001
 5.00000000000000E+0000
 2.05718269348145E+0001
-3.27886009216309E+0001
 0.00000000000000E+0000
 3.52128410339355E+0001
-1.81475830078125E+0001
 0.00000000000000E+0000
 3.40525894165039E+0001
-1.74777107238770E+0001
 5.00000000000000E+0000
 1.99019546508789E+0001
-3.16283454895020E+0001
 5.00000000000000E+0000
 3.40525894165039E+0001
-1.74777107238770E+0001
 5.00000000000000E+0000
 1.80718269348145E+0001
-2.84584732055664E+0001
 8.66025352478027E+0000
 1.99019546508789E+0001
-3.16283454895020E+0001
 5.00000000000000E+0000
 3.40525894165039E+0001
-1.74777107238770E+0001
 5.00000000000000E+0000
 3.08827171325684E+0001
-1.56475830078125E+0001
 8.66025352478027E+0000
 1.80718269348145E+0001
-2.84584732055664E+0001
 8.66025352478027E+0000
 3.08827171325684E+0001
-1.56475830078125E+0001
 8.66025352478027E+0000
 1.55718278884887E+0001
-2.41283454895020E+0001
 1.00000000000000E+0001
 1.80718269348145E+0001
-2.84584732055664E+0001
 8.66025352478027E+0000
 3.08827171325684E+0001
-1.56475830078125E+0001
 8.66025352478027E+0000
 2.65525894165039E+0001
-1.31475830078125E+0001
 1.00000000000000E+0001
 1.55718278884887E+0001
-2.41283454895020E+0001
 1.00000000000000E+0001
 2.65525894165039E+0001
-1.31475830078125E+0001
 1.00000000000000E+0001
 1.30718278884887E+0001
-1.97982196807861E+0001
 8.66025352478027E+0000
 1.55718278884887E+0001
-2.41283454895020E+0001
 1.00000000000000E+0001
 2.65525894165039E+0001
-1.31475830078125E+0001
 1.00000000000000E+0001
 2.22224636077881E+0001
-1.06475830078125E+0001
 8.66025352478027E+0000
 1.30718278884887E+0001
-1.97982196807861E+0001
 8.66025352478027E+0000
 2.22224636077881E+0001
-1.06475830078125E+0001
 8.66025352478027E+0000
 1.12417011260986E+0001
-1.66283454895020E+0001
 5.00000000000000E+0000
 1.30718278884887E+0001
-1.97982196807861E+0001
 8.66025352478027E+0000
 2.22224636077881E+0001
-1.06475830078125E+0001
 8.66025352478027E+0000
 1.90525894165039E+0001
-8.81745624542236E+0000
 5.00000000000000E+0000
 1.12417011260986E+0001
-1.66283454895020E+0001
 5.00000000000000E+0000
 1.90525894165039E+0001
-8.81745624542236E+0000
 5.00000000000000E+0000
 1.05718278884887E+0001
-1.54680919647216E+0001
-9.99999997475243E-0007
 1.12417011260986E+0001
-1.66283454895020E+0001
 5.00000000000000E+0000
 1.90525894165039E+0001
-8.81745624542236E+0000
 5.00000000000000E+0000
 1.78923358917236E+0001
-8.14758300781250E+0000
-9.99999997475243E-0007
 1.05718278884887E+0001
-1.54680919647216E+0001
-9.99999997475243E-0007
 1.78923358917236E+0001
-8.14758300781250E+0000
-9.99999997475243E-0007
 1.12417011260986E+0001
-1.66283473968506E+0001
-5.00000095367432E+0000
 1.05718278884887E+0001
-1.54680919647216E+0001
-9.99999997475243E-0007
 1.78923358917236E+0001
-8.14758300781250E+0000
-9.99999997475243E-0007
 1.90525913238525E+0001
-8.81745624542236E+0000
-5.00000095367432E+0000
 1.12417011260986E+0001
-1.66283473968506E+0001
-5.00000095367432E+0000
 1.90525913238525E+0001
-8.81745624542236E+0000
-5.00000095367432E+0000
 1.30718288421630E+0001
-1.97982196807861E+0001
-8.66025352478027E+0000
 1.12417011260986E+0001
-1.66283473968506E+0001
-5.00000095367432E+0000
 1.90525913238525E+0001
-8.81745624542236E+0000
-5.00000095367432E+0000
 2.22224636077881E+0001
-1.06475839614868E+0001
-8.66025352478027E+0000
 1.30718288421630E+0001
-1.97982196807861E+0001
-8.66025352478027E+0000
 2.22224636077881E+0001
-1.06475839614868E+0001
-8.66025352478027E+0000
 1.55718288421630E+0001
-2.41283473968506E+0001
-1.00000000000000E+0001
 1.30718288421630E+0001
-1.97982196807861E+0001
-8.66025352478027E+0000
 2.22224636077881E+0001
-1.06475839614868E+0001
-8.66025352478027E+0000
 2.65525913238525E+0001
-1.31475839614868E+0001
-1.00000000000000E+0001
 1.55718288421630E+0001
-2.41283473968506E+0001
-1.00000000000000E+0001
 2.65525913238525E+0001
-1.31475839614868E+0001
-1.00000000000000E+0001
 1.80718288421631E+0001
-2.84584751129150E+0001
-8.66025352478027E+0000
 1.55718288421630E+0001
-2.41283473968506E+0001
-1.00000000000000E+0001
 2.65525913238525E+0001
-1.31475839614868E+0001
-1.00000000000000E+0001
 3.08827190399170E+0001
-1.56475830078125E+0001
-8.66025352478027E+0000
 1.80718288421631E+0001
-2.84584751129150E+0001
-8.66025352478027E+0000
 3.08827190399170E+0001
-1.56475830078125E+0001
-8.66025352478027E+0000
 1.99019546508789E+0001
-3.16283493041992E+0001
-4.99999904632568E+0000
 1.80718288421631E+0001
-2.84584751129150E+0001
-8.66025352478027E+0000
 3.08827190399170E+0001
-1.56475830078125E+0001
-8.66025352478027E+0000
 3.40525894165039E+0001
-1.74777107238770E+0001
-4.99999904632568E+0000
 1.99019546508789E+0001
-3.16283493041992E+0001
-4.99999904632568E+0000
 3.40525894165039E+0001
-1.74777107238770E+0001
-4.99999904632568E+0000
 2.05718269348145E+0001
-3.27886009216309E+0001
 0.00000000000000E+0000
 1.99019546508789E+0001
-3.16283493041992E+0001
-4.99999904632568E+0000
 3.40525894165039E+0001
-1.74777107238770E+0001
-4.99999904632568E+0000
 3.52128410339355E+0001
-1.81475830078125E+0001
 0.00000000000000E+0000
 2.05718269348145E+0001
-3.27886009216309E+0001
 0.00000000000000E+0000
 2.05718269348145E+0001
-3.27886009216309E+0001
 0.00000000000000E+0000
 5.71826994419098E-0001
-3.68078384399414E+0001
 5.00000000000000E+0000
 5.71826994419098E-0001
-3.81475830078125E+0001
 0.00000000000000E+0000
 2.05718269348145E+0001
-3.27886009216309E+0001
 0.00000000000000E+0000
 1.99019546508789E+0001
-3.16283454895020E+0001
 5.00000000000000E+0000
 5.71826994419098E-0001
-3.68078384399414E+0001
 5.00000000000000E+0000
 1.99019546508789E+0001
-3.16283454895020E+0001
 5.00000000000000E+0000
 5.71826994419098E-0001
-3.31475830078125E+0001
 8.66025352478027E+0000
 5.71826994419098E-0001
-3.68078384399414E+0001
 5.00000000000000E+0000
 1.99019546508789E+0001
-3.16283454895020E+0001
 5.00000000000000E+0000
 1.80718269348145E+0001
-2.84584732055664E+0001
 8.66025352478027E+0000
 5.71826994419098E-0001
-3.31475830078125E+0001
 8.66025352478027E+0000
 1.80718269348145E+0001
-2.84584732055664E+0001
 8.66025352478027E+0000
 5.71826994419098E-0001
-2.81475830078125E+0001
 1.00000000000000E+0001
 5.71826994419098E-0001
-3.31475830078125E+0001
 8.66025352478027E+0000
 1.80718269348145E+0001
-2.84584732055664E+0001
 8.66025352478027E+0000
 1.55718278884887E+0001
-2.41283454895020E+0001
 1.00000000000000E+0001
 5.71826994419098E-0001
-2.81475830078125E+0001
 1.00000000000000E+0001
 1.55718278884887E+0001
-2.41283454895020E+0001
 1.00000000000000E+0001
 5.71828007698059E-0001
-2.31475830078125E+0001
 8.66025352478027E+0000
 5.71826994419098E-0001
-2.81475830078125E+0001
 1.00000000000000E+0001
 1.55718278884887E+0001
-2.41283454895020E+0001
 1.00000000000000E+0001
 1.30718278884887E+0001
-1.97982196807861E+0001
 8.66025352478027E+0000
 5.71828007698059E-0001
-2.31475830078125E+0001
 8.66025352478027E+0000
 1.30718278884887E+0001
-1.97982196807861E+0001
 8.66025352478027E+0000
 5.71828007698059E-0001
-1.94873294830322E+0001
 5.00000000000000E+0000
 5.71828007698059E-0001
-2.31475830078125E+0001
 8.66025352478027E+0000
 1.30718278884887E+0001
-1.97982196807861E+0001
 8.66025352478027E+0000
 1.12417011260986E+0001
-1.66283454895020E+0001
 5.00000000000000E+0000
 5.71828007698059E-0001
-1.94873294830322E+0001
 5.00000000000000E+0000
 1.12417011260986E+0001
-1.66283454895020E+0001
 5.00000000000000E+0000
 5.71828007698059E-0001
-1.81475830078125E+0001
-9.99999997475243E-0007
 5.71828007698059E-0001
-1.94873294830322E+0001
 5.00000000000000E+0000
 1.12417011260986E+0001
-1.66283454895020E+0001
 5.00000000000000E+0000
 1.05718278884887E+0001
-1.54680919647216E+0001
-9.99999997475243E-0007
 5.71828007698059E-0001
-1.81475830078125E+0001
-9.99999997475243E-0007
 1.05718278884887E+0001
-1.54680919647216E+0001
-9.99999997475243E-0007
 5.71828007698059E-0001
-1.94873294830322E+0001
-5.00000095367432E+0000
 5.71828007698059E-0001
-1.81475830078125E+0001
-9.99999997475243E-0007
 1.05718278884887E+0001
-1.54680919647216E+0001
-9.99999997475243E-0007
 1.12417011260986E+0001
-1.66283473968506E+0001
-5.00000095367432E+0000
 5.71828007698059E-0001
-1.94873294830322E+0001
-5.00000095367432E+0000
 1.12417011260986E+0001
-1.66283473968506E+0001
-5.00000095367432E+0000
 5.71828007698059E-0001
-2.31475849151611E+0001
-8.66025352478027E+0000
 5.71828007698059E-0001
-1.94873294830322E+0001
-5.00000095367432E+0000
 1.12417011260986E+0001
-1.66283473968506E+0001
-5.00000095367432E+0000
 1.30718288421630E+0001
-1.97982196807861E+0001
-8.66025352478027E+0000
 5.71828007698059E-0001
-2.31475849151611E+0001
-8.66025352478027E+0000
 1.30718288421630E+0001
-1.97982196807861E+0001
-8.66025352478027E+0000
 5.71826994419098E-0001
-2.81475849151611E+0001
-1.00000000000000E+0001
 5.71828007698059E-0001
-2.31475849151611E+0001
-8.66025352478027E+0000
 1.30718288421630E+0001
-1.97982196807861E+0001
-8.66025352478027E+0000
 1.55718288421630E+0001
-2.41283473968506E+0001
-1.00000000000000E+0001
 5.71826994419098E-0001
-2.81475849151611E+0001
-1.00000000000000E+0001
 1.55718288421630E+0001
-2.41283473968506E+0001
-1.00000000000000E+0001
 5.71826994419098E-0001
-3.31475830078125E+0001
-8.66025352478027E+0000
 5.71826994419098E-0001
-2.81475849151611E+0001
-1.00000000000000E+0001
 1.55718288421630E+0001
-2.41283473968506E+0001
-1.00000000000000E+0001
 1.80718288421631E+0001
-2.84584751129150E+0001
-8.66025352478027E+0000
 5.71826994419098E-0001
-3.31475830078125E+0001
-8.66025352478027E+0000
 1.80718288421631E+0001
-2.84584751129150E+0001
-8.66025352478027E+0000
 5.71826994419098E-0001
-3.68078384399414E+0001
-4.99999904632568E+0000
 5.71826994419098E-0001
-3.31475830078125E+0001
-8.66025352478027E+0000
 1.80718288421631E+0001
-2.84584751129150E+0001
-8.66025352478027E+0000
 1.99019546508789E+0001
-3.16283493041992E+0001
-4.99999904632568E+0000
 5.71826994419098E-0001
-3.68078384399414E+0001
-4.99999904632568E+0000
 1.99019546508789E+0001
-3.16283493041992E+0001
-4.99999904632568E+0000
 5.71826994419098E-0001
-3.81475830078125E+0001
 0.00000000000000E+0000
 5.71826994419098E-0001
-3.68078384399414E+0001
-4.99999904632568E+0000
 1.99019546508789E+0001
-3.16283493041992E+0001
-4.99999904632568E+0000
 2.05718269348145E+0001
-3.27886009216309E+0001
 0.00000000000000E+0000
 5.71826994419098E-0001
-3.81475830078125E+0001
 0.00000000000000E+0000
 5.71826994419098E-0001
-3.81475830078125E+0001
 0.00000000000000E+0000
-1.87583007812500E+0001
-3.16283454895020E+0001
 5.00000000000000E+0000
-1.94281730651855E+0001
-3.27885971069336E+0001
 0.00000000000000E+0000
 5.71826994419098E-0001
-3.81475830078125E+0001
 0.00000000000000E+0000
 5.71826994419098E-0001
-3.68078384399414E+0001
 5.00000000000000E+0000
-1.87583007812500E+0001
-3.16283454895020E+0001
 5.00000000000000E+0000
 5.71826994419098E-0001
-3.68078384399414E+0001
 5.00000000000000E+0000
-1.69281730651855E+0001
-2.84584712982178E+0001
 8.66025352478027E+0000
-1.87583007812500E+0001
-3.16283454895020E+0001
 5.00000000000000E+0000
 5.71826994419098E-0001
-3.68078384399414E+0001
 5.00000000000000E+0000
 5.71826994419098E-0001
-3.31475830078125E+0001
 8.66025352478027E+0000
-1.69281730651855E+0001
-2.84584712982178E+0001
 8.66025352478027E+0000
 5.71826994419098E-0001
-3.31475830078125E+0001
 8.66025352478027E+0000
-1.44281730651855E+0001
-2.41283435821533E+0001
 1.00000000000000E+0001
-1.69281730651855E+0001
-2.84584712982178E+0001
 8.66025352478027E+0000
 5.71826994419098E-0001
-3.31475830078125E+0001
 8.66025352478027E+0000
 5.71826994419098E-0001
-2.81475830078125E+0001
 1.00000000000000E+0001
-1.44281730651855E+0001
-2.41283435821533E+0001
 1.00000000000000E+0001
 5.71826994419098E-0001
-2.81475830078125E+0001
 1.00000000000000E+0001
-1.19281721115112E+0001
-1.97982177734375E+0001
 8.66025352478027E+0000
-1.44281730651855E+0001
-2.41283435821533E+0001
 1.00000000000000E+0001
 5.71826994419098E-0001
-2.81475830078125E+0001
 1.00000000000000E+0001
 5.71828007698059E-0001
-2.31475830078125E+0001
 8.66025352478027E+0000
-1.19281721115112E+0001
-1.97982177734375E+0001
 8.66025352478027E+0000
 5.71828007698059E-0001
-2.31475830078125E+0001
 8.66025352478027E+0000
-1.00980453491210E+0001
-1.66283435821533E+0001
 5.00000000000000E+0000
-1.19281721115112E+0001
-1.97982177734375E+0001
 8.66025352478027E+0000
 5.71828007698059E-0001
-2.31475830078125E+0001
 8.66025352478027E+0000
 5.71828007698059E-0001
-1.94873294830322E+0001
 5.00000000000000E+0000
-1.00980453491210E+0001
-1.66283435821533E+0001
 5.00000000000000E+0000
 5.71828007698059E-0001
-1.94873294830322E+0001
 5.00000000000000E+0000
-9.42817211151123E+0000
-1.54680900573730E+0001
-9.99999997475243E-0007
-1.00980453491210E+0001
-1.66283435821533E+0001
 5.00000000000000E+0000
 5.71828007698059E-0001
-1.94873294830322E+0001
 5.00000000000000E+0000
 5.71828007698059E-0001
-1.81475830078125E+0001
-9.99999997475243E-0007
-9.42817211151123E+0000
-1.54680900573730E+0001
-9.99999997475243E-0007
 5.71828007698059E-0001
-1.81475830078125E+0001
-9.99999997475243E-0007
-1.00980453491210E+0001
-1.66283454895020E+0001
-5.00000095367432E+0000
-9.42817211151123E+0000
-1.54680900573730E+0001
-9.99999997475243E-0007
 5.71828007698059E-0001
-1.81475830078125E+0001
-9.99999997475243E-0007
 5.71828007698059E-0001
-1.94873294830322E+0001
-5.00000095367432E+0000
-1.00980453491210E+0001
-1.66283454895020E+0001
-5.00000095367432E+0000
 5.71828007698059E-0001
-1.94873294830322E+0001
-5.00000095367432E+0000
-1.19281730651855E+0001
-1.97982177734375E+0001
-8.66025352478027E+0000
-1.00980453491210E+0001
-1.66283454895020E+0001
-5.00000095367432E+0000
 5.71828007698059E-0001
-1.94873294830322E+0001
-5.00000095367432E+0000
 5.71828007698059E-0001
-2.31475849151611E+0001
-8.66025352478027E+0000
-1.19281730651855E+0001
-1.97982177734375E+0001
-8.66025352478027E+0000
 5.71828007698059E-0001
-2.31475849151611E+0001
-8.66025352478027E+0000
-1.44281740188598E+0001
-2.41283454895020E+0001
-1.00000000000000E+0001
-1.19281730651855E+0001
-1.97982177734375E+0001
-8.66025352478027E+0000
 5.71828007698059E-0001
-2.31475849151611E+0001
-8.66025352478027E+0000
 5.71826994419098E-0001
-2.81475849151611E+0001
-1.00000000000000E+0001
-1.44281740188598E+0001
-2.41283454895020E+0001
-1.00000000000000E+0001
 5.71826994419098E-0001
-2.81475849151611E+0001
-1.00000000000000E+0001
-1.69281730651855E+0001
-2.84584732055664E+0001
-8.66025352478027E+0000
-1.44281740188598E+0001
-2.41283454895020E+0001
-1.00000000000000E+0001
 5.71826994419098E-0001
-2.81475849151611E+0001
-1.00000000000000E+0001
 5.71826994419098E-0001
-3.31475830078125E+0001
-8.66025352478027E+0000
-1.69281730651855E+0001
-2.84584732055664E+0001
-8.66025352478027E+0000
 5.71826994419098E-0001
-3.31475830078125E+0001
-8.66025352478027E+0000
-1.87583007812500E+0001
-3.16283454895020E+0001
-4.99999904632568E+0000
-1.69281730651855E+0001
-2.84584732055664E+0001
-8.66025352478027E+0000
 5.71826994419098E-0001
-3.31475830078125E+0001
-8.66025352478027E+0000
 5.71826994419098E-0001
-3.68078384399414E+0001
-4.99999904632568E+0000
-1.87583007812500E+0001
-3.16283454895020E+0001
-4.99999904632568E+0000
 5.71826994419098E-0001
-3.68078384399414E+0001
-4.99999904632568E+0000
-1.94281730651855E+0001
-3.27885971069336E+0001
 0.00000000000000E+0000
-1.87583007812500E+0001
-3.16283454895020E+0001
-4.99999904632568E+0000
 5.71826994419098E-0001
-3.68078384399414E+0001
-4.99999904632568E+0000
 5.71826994419098E-0001
-3.81475830078125E+0001
 0.00000000000000E+0000
-1.94281730651855E+0001
-3.27885971069336E+0001
 0.00000000000000E+0000
-1.94281730651855E+0001
-3.27885971069336E+0001
 0.00000000000000E+0000
-3.29089355468750E+0001
-1.74777069091797E+0001
 5.00000000000000E+0000
-3.40691909790039E+0001
-1.81475811004639E+0001
 0.00000000000000E+0000
-1.94281730651855E+0001
-3.27885971069336E+0001
 0.00000000000000E+0000
-1.87583007812500E+0001
-3.16283454895020E+0001
 5.00000000000000E+0000
-3.29089355468750E+0001
-1.74777069091797E+0001
 5.00000000000000E+0000
-1.87583007812500E+0001
-3.16283454895020E+0001
 5.00000000000000E+0000
-2.97390613555908E+0001
-1.56475811004638E+0001
 8.66025352478027E+0000
-3.29089355468750E+0001
-1.74777069091797E+0001
 5.00000000000000E+0000
-1.87583007812500E+0001
-3.16283454895020E+0001
 5.00000000000000E+0000
-1.69281730651855E+0001
-2.84584712982178E+0001
 8.66025352478027E+0000
-2.97390613555908E+0001
-1.56475811004638E+0001
 8.66025352478027E+0000
-1.69281730651855E+0001
-2.84584712982178E+0001
 8.66025352478027E+0000
-2.54089336395264E+0001
-1.31475811004638E+0001
 1.00000000000000E+0001
-2.97390613555908E+0001
-1.56475811004638E+0001
 8.66025352478027E+0000
-1.69281730651855E+0001
-2.84584712982178E+0001
 8.66025352478027E+0000
-1.44281730651855E+0001
-2.41283435821533E+0001
 1.00000000000000E+0001
-2.54089336395264E+0001
-1.31475811004638E+0001
 1.00000000000000E+0001
-1.44281730651855E+0001
-2.41283435821533E+0001
 1.00000000000000E+0001
-2.10788078308105E+0001
-1.06475811004638E+0001
 8.66025352478027E+0000
-2.54089336395264E+0001
-1.31475811004638E+0001
 1.00000000000000E+0001
-1.44281730651855E+0001
-2.41283435821533E+0001
 1.00000000000000E+0001
-1.19281721115112E+0001
-1.97982177734375E+0001
 8.66025352478027E+0000
-2.10788078308105E+0001
-1.06475811004638E+0001
 8.66025352478027E+0000
-1.19281721115112E+0001
-1.97982177734375E+0001
 8.66025352478027E+0000
-1.79089336395264E+0001
-8.81745433807373E+0000
 5.00000000000000E+0000
-2.10788078308105E+0001
-1.06475811004638E+0001
 8.66025352478027E+0000
-1.19281721115112E+0001
-1.97982177734375E+0001
 8.66025352478027E+0000
-1.00980453491210E+0001
-1.66283435821533E+0001
 5.00000000000000E+0000
-1.79089336395264E+0001
-8.81745433807373E+0000
 5.00000000000000E+0000
-1.00980453491210E+0001
-1.66283435821533E+0001
 5.00000000000000E+0000
-1.67486801147461E+0001
-8.14758205413818E+0000
-9.99999997475243E-0007
-1.79089336395264E+0001
-8.81745433807373E+0000
 5.00000000000000E+0000
-1.00980453491210E+0001
-1.66283435821533E+0001
 5.00000000000000E+0000
-9.42817211151123E+0000
-1.54680900573730E+0001
-9.99999997475243E-0007
-1.67486801147461E+0001
-8.14758205413818E+0000
-9.99999997475243E-0007
-9.42817211151123E+0000
-1.54680900573730E+0001
-9.99999997475243E-0007
-1.79089355468750E+0001
-8.81745529174805E+0000
-5.00000095367432E+0000
-1.67486801147461E+0001
-8.14758205413818E+0000
-9.99999997475243E-0007
-9.42817211151123E+0000
-1.54680900573730E+0001
-9.99999997475243E-0007
-1.00980453491210E+0001
-1.66283454895020E+0001
-5.00000095367432E+0000
-1.79089355468750E+0001
-8.81745529174805E+0000
-5.00000095367432E+0000
-1.00980453491210E+0001
-1.66283454895020E+0001
-5.00000095367432E+0000
-2.10788078308105E+0001
-1.06475820541381E+0001
-8.66025352478027E+0000
-1.79089355468750E+0001
-8.81745529174805E+0000
-5.00000095367432E+0000
-1.00980453491210E+0001
-1.66283454895020E+0001
-5.00000095367432E+0000
-1.19281730651855E+0001
-1.97982177734375E+0001
-8.66025352478027E+0000
-2.10788078308105E+0001
-1.06475820541381E+0001
-8.66025352478027E+0000
-1.19281730651855E+0001
-1.97982177734375E+0001
-8.66025352478027E+0000
-2.54089355468750E+0001
-1.31475820541381E+0001
-1.00000000000000E+0001
-2.10788078308105E+0001
-1.06475820541381E+0001
-8.66025352478027E+0000
-1.19281730651855E+0001
-1.97982177734375E+0001
-8.66025352478027E+0000
-1.44281740188598E+0001
-2.41283454895020E+0001
-1.00000000000000E+0001
-2.54089355468750E+0001
-1.31475820541381E+0001
-1.00000000000000E+0001
-1.44281740188598E+0001
-2.41283454895020E+0001
-1.00000000000000E+0001
-2.97390632629395E+0001
-1.56475811004638E+0001
-8.66025352478027E+0000
-2.54089355468750E+0001
-1.31475820541381E+0001
-1.00000000000000E+0001
-1.44281740188598E+0001
-2.41283454895020E+0001
-1.00000000000000E+0001
-1.69281730651855E+0001
-2.84584732055664E+0001
-8.66025352478027E+0000
-2.97390632629395E+0001
-1.56475811004638E+0001
-8.66025352478027E+0000
-1.69281730651855E+0001
-2.84584732055664E+0001
-8.66025352478027E+0000
-3.29089393615723E+0001
-1.74777088165283E+0001
-4.99999904632568E+0000
-2.97390632629395E+0001
-1.56475811004638E+0001
-8.66025352478027E+0000
-1.69281730651855E+0001
-2.84584732055664E+0001
-8.66025352478027E+0000
-1.87583007812500E+0001
-3.16283454895020E+0001
-4.99999904632568E+0000
-3.29089393615723E+0001
-1.74777088165283E+0001
-4.99999904632568E+0000
-1.87583007812500E+0001
-3.16283454895020E+0001
-4.99999904632568E+0000
-3.40691909790039E+0001
-1.81475811004639E+0001
 0.00000000000000E+0000
-3.29089393615723E+0001
-1.74777088165283E+0001
-4.99999904632568E+0000
-1.87583007812500E+0001
-3.16283454895020E+0001
-4.99999904632568E+0000
-1.94281730651855E+0001
-3.27885971069336E+0001
 0.00000000000000E+0000
-3.40691909790039E+0001
-1.81475811004639E+0001
 0.00000000000000E+0000
-3.40691909790039E+0001
-1.81475811004639E+0001
 0.00000000000000E+0000
-3.80884284973145E+0001
 1.85241997241974E+0000
 5.00000000000000E+0000
-3.94281730651855E+0001
 1.85241997241974E+0000
 0.00000000000000E+0000
-3.40691909790039E+0001
-1.81475811004639E+0001
 0.00000000000000E+0000
-3.29089355468750E+0001
-1.74777069091797E+0001
 5.00000000000000E+0000
-3.80884284973145E+0001
 1.85241997241974E+0000
 5.00000000000000E+0000
-3.29089355468750E+0001
-1.74777069091797E+0001
 5.00000000000000E+0000
-3.44281730651855E+0001
 1.85241997241974E+0000
 8.66025352478027E+0000
-3.80884284973145E+0001
 1.85241997241974E+0000
 5.00000000000000E+0000
-3.29089355468750E+0001
-1.74777069091797E+0001
 5.00000000000000E+0000
-2.97390613555908E+0001
-1.56475811004638E+0001
 8.66025352478027E+0000
-3.44281730651855E+0001
 1.85241997241974E+0000
 8.66025352478027E+0000
-2.97390613555908E+0001
-1.56475811004638E+0001
 8.66025352478027E+0000
-2.94281711578369E+0001
 1.85241997241974E+0000
 1.00000000000000E+0001
-3.44281730651855E+0001
 1.85241997241974E+0000
 8.66025352478027E+0000
-2.97390613555908E+0001
-1.56475811004638E+0001
 8.66025352478027E+0000
-2.54089336395264E+0001
-1.31475811004638E+0001
 1.00000000000000E+0001
-2.94281711578369E+0001
 1.85241997241974E+0000
 1.00000000000000E+0001
-2.54089336395264E+0001
-1.31475811004638E+0001
 1.00000000000000E+0001
-2.44281711578369E+0001
 1.85241901874542E+0000
 8.66025352478027E+0000
-2.94281711578369E+0001
 1.85241997241974E+0000
 1.00000000000000E+0001
-2.54089336395264E+0001
-1.31475811004638E+0001
 1.00000000000000E+0001
-2.10788078308105E+0001
-1.06475811004638E+0001
 8.66025352478027E+0000
-2.44281711578369E+0001
 1.85241901874542E+0000
 8.66025352478027E+0000
-2.10788078308105E+0001
-1.06475811004638E+0001
 8.66025352478027E+0000
-2.07679176330566E+0001
 1.85241901874542E+0000
 5.00000000000000E+0000
-2.44281711578369E+0001
 1.85241901874542E+0000
 8.66025352478027E+0000
-2.10788078308105E+0001
-1.06475811004638E+0001
 8.66025352478027E+0000
-1.79089336395264E+0001
-8.81745433807373E+0000
 5.00000000000000E+0000
-2.07679176330566E+0001
 1.85241901874542E+0000
 5.00000000000000E+0000
-1.79089336395264E+0001
-8.81745433807373E+0000
 5.00000000000000E+0000
-1.94281711578369E+0001
 1.85241901874542E+0000
-9.99999997475243E-0007
-2.07679176330566E+0001
 1.85241901874542E+0000
 5.00000000000000E+0000
-1.79089336395264E+0001
-8.81745433807373E+0000
 5.00000000000000E+0000
-1.67486801147461E+0001
-8.14758205413818E+0000
-9.99999997475243E-0007
-1.94281711578369E+0001
 1.85241901874542E+0000
-9.99999997475243E-0007
-1.67486801147461E+0001
-8.14758205413818E+0000
-9.99999997475243E-0007
-2.07679176330566E+0001
 1.85241901874542E+0000
-5.00000095367432E+0000
-1.94281711578369E+0001
 1.85241901874542E+0000
-9.99999997475243E-0007
-1.67486801147461E+0001
-8.14758205413818E+0000
-9.99999997475243E-0007
-1.79089355468750E+0001
-8.81745529174805E+0000
-5.00000095367432E+0000
-2.07679176330566E+0001
 1.85241901874542E+0000
-5.00000095367432E+0000
-1.79089355468750E+0001
-8.81745529174805E+0000
-5.00000095367432E+0000
-2.44281730651855E+0001
 1.85241901874542E+0000
-8.66025352478027E+0000
-2.07679176330566E+0001
 1.85241901874542E+0000
-5.00000095367432E+0000
-1.79089355468750E+0001
-8.81745529174805E+0000
-5.00000095367432E+0000
-2.10788078308105E+0001
-1.06475820541381E+0001
-8.66025352478027E+0000
-2.44281730651855E+0001
 1.85241901874542E+0000
-8.66025352478027E+0000
-2.10788078308105E+0001
-1.06475820541381E+0001
-8.66025352478027E+0000
-2.94281730651855E+0001
 1.85241997241974E+0000
-1.00000000000000E+0001
-2.44281730651855E+0001
 1.85241901874542E+0000
-8.66025352478027E+0000
-2.10788078308105E+0001
-1.06475820541381E+0001
-8.66025352478027E+0000
-2.54089355468750E+0001
-1.31475820541381E+0001
-1.00000000000000E+0001
-2.94281730651855E+0001
 1.85241997241974E+0000
-1.00000000000000E+0001
-2.54089355468750E+0001
-1.31475820541381E+0001
-1.00000000000000E+0001
-3.44281730651855E+0001
 1.85241997241974E+0000
-8.66025352478027E+0000
-2.94281730651855E+0001
 1.85241997241974E+0000
-1.00000000000000E+0001
-2.54089355468750E+0001
-1.31475820541381E+0001
-1.00000000000000E+0001
-2.97390632629395E+0001
-1.56475811004638E+0001
-8.66025352478027E+0000
-3.44281730651855E+0001
 1.85241997241974E+0000
-8.66025352478027E+0000
-2.97390632629395E+0001
-1.56475811004638E+0001
-8.66025352478027E+0000
-3.80884284973145E+0001
 1.85241997241974E+0000
-4.99999904632568E+0000
-3.44281730651855E+0001
 1.85241997241974E+0000
-8.66025352478027E+0000
-2.97390632629395E+0001
-1.56475811004638E+0001
-8.66025352478027E+0000
-3.29089393615723E+0001
-1.74777088165283E+0001
-4.99999904632568E+0000
-3.80884284973145E+0001
 1.85241997241974E+0000
-4.99999904632568E+0000
-3.29089393615723E+0001
-1.74777088165283E+0001
-4.99999904632568E+0000
-3.94281730651855E+0001
 1.85241997241974E+0000
 0.00000000000000E+0000
-3.80884284973145E+0001
 1.85241997241974E+0000
-4.99999904632568E+0000
-3.29089393615723E+0001
-1.74777088165283E+0001
-4.99999904632568E+0000
-3.40691909790039E+0001
-1.81475811004639E+0001
 0.00000000000000E+0000
-3.94281730651855E+0001
 1.85241997241974E+0000
 0.00000000000000E+0000
-3.94281730651855E+0001
 1.85241997241974E+0000
 0.00000000000000E+0000
-3.29089317321777E+0001
 2.11825466156006E+0001
 5.00000000000000E+0000
-3.40691871643066E+0001
 2.18524188995361E+0001
 0.00000000000000E+0000
-3.94281730651855E+0001
 1.85241997241974E+0000
 0.00000000000000E+0000
-3.80884284973145E+0001
 1.85241997241974E+0000
 5.00000000000000E+0000
-3.29089317321777E+0001
 2.11825466156006E+0001
 5.00000000000000E+0000
-3.80884284973145E+0001
 1.85241997241974E+0000
 5.00000000000000E+0000
-2.97390575408936E+0001
 1.93524188995361E+0001
 8.66025352478027E+0000
-3.29089317321777E+0001
 2.11825466156006E+0001
 5.00000000000000E+0000
-3.80884284973145E+0001
 1.85241997241974E+0000
 5.00000000000000E+0000
-3.44281730651855E+0001
 1.85241997241974E+0000
 8.66025352478027E+0000
-2.97390575408936E+0001
 1.93524188995361E+0001
 8.66025352478027E+0000
-3.44281730651855E+0001
 1.85241997241974E+0000
 8.66025352478027E+0000
-2.54089298248291E+0001
 1.68524188995361E+0001
 1.00000000000000E+0001
-2.97390575408936E+0001
 1.93524188995361E+0001
 8.66025352478027E+0000
-3.44281730651855E+0001
 1.85241997241974E+0000
 8.66025352478027E+0000
-2.94281711578369E+0001
 1.85241997241974E+0000
 1.00000000000000E+0001
-2.54089298248291E+0001
 1.68524188995361E+0001
 1.00000000000000E+0001
-2.94281711578369E+0001
 1.85241997241974E+0000
 1.00000000000000E+0001
-2.10788040161133E+0001
 1.43524179458618E+0001
 8.66025352478027E+0000
-2.54089298248291E+0001
 1.68524188995361E+0001
 1.00000000000000E+0001
-2.94281711578369E+0001
 1.85241997241974E+0000
 1.00000000000000E+0001
-2.44281711578369E+0001
 1.85241901874542E+0000
 8.66025352478027E+0000
-2.10788040161133E+0001
 1.43524179458618E+0001
 8.66025352478027E+0000
-2.44281711578369E+0001
 1.85241901874542E+0000
 8.66025352478027E+0000
-1.79089317321777E+0001
 1.25222911834716E+0001
 5.00000000000000E+0000
-2.10788040161133E+0001
 1.43524179458618E+0001
 8.66025352478027E+0000
-2.44281711578369E+0001
 1.85241901874542E+0000
 8.66025352478027E+0000
-2.07679176330566E+0001
 1.85241901874542E+0000
 5.00000000000000E+0000
-1.79089317321777E+0001
 1.25222911834716E+0001
 5.00000000000000E+0000
-2.07679176330566E+0001
 1.85241901874542E+0000
 5.00000000000000E+0000
-1.67486782073975E+0001
 1.18524179458618E+0001
-9.99999997475243E-0007
-1.79089317321777E+0001
 1.25222911834716E+0001
 5.00000000000000E+0000
-2.07679176330566E+0001
 1.85241901874542E+0000
 5.00000000000000E+0000
-1.94281711578369E+0001
 1.85241901874542E+0000
-9.99999997475243E-0007
-1.67486782073975E+0001
 1.18524179458618E+0001
-9.99999997475243E-0007
-1.94281711578369E+0001
 1.85241901874542E+0000
-9.99999997475243E-0007
-1.79089317321777E+0001
 1.25222911834716E+0001
-5.00000095367432E+0000
-1.67486782073975E+0001
 1.18524179458618E+0001
-9.99999997475243E-0007
-1.94281711578369E+0001
 1.85241901874542E+0000
-9.99999997475243E-0007
-2.07679176330566E+0001
 1.85241901874542E+0000
-5.00000095367432E+0000
-1.79089317321777E+0001
 1.25222911834716E+0001
-5.00000095367432E+0000
-2.07679176330566E+0001
 1.85241901874542E+0000
-5.00000095367432E+0000
-2.10788059234619E+0001
 1.43524188995361E+0001
-8.66025352478027E+0000
-1.79089317321777E+0001
 1.25222911834716E+0001
-5.00000095367432E+0000
-2.07679176330566E+0001
 1.85241901874542E+0000
-5.00000095367432E+0000
-2.44281730651855E+0001
 1.85241901874542E+0000
-8.66025352478027E+0000
-2.10788059234619E+0001
 1.43524188995361E+0001
-8.66025352478027E+0000
-2.44281730651855E+0001
 1.85241901874542E+0000
-8.66025352478027E+0000
-2.54089317321777E+0001
 1.68524208068848E+0001
-1.00000000000000E+0001
-2.10788059234619E+0001
 1.43524188995361E+0001
-8.66025352478027E+0000
-2.44281730651855E+0001
 1.85241901874542E+0000
-8.66025352478027E+0000
-2.94281730651855E+0001
 1.85241997241974E+0000
-1.00000000000000E+0001
-2.54089317321777E+0001
 1.68524208068848E+0001
-1.00000000000000E+0001
-2.94281730651855E+0001
 1.85241997241974E+0000
-1.00000000000000E+0001
-2.97390594482422E+0001
 1.93524188995361E+0001
-8.66025352478027E+0000
-2.54089317321777E+0001
 1.68524208068848E+0001
-1.00000000000000E+0001
-2.94281730651855E+0001
 1.85241997241974E+0000
-1.00000000000000E+0001
-3.44281730651855E+0001
 1.85241997241974E+0000
-8.66025352478027E+0000
-2.97390594482422E+0001
 1.93524188995361E+0001
-8.66025352478027E+0000
-3.44281730651855E+0001
 1.85241997241974E+0000
-8.66025352478027E+0000
-3.29089317321777E+0001
 2.11825466156006E+0001
-4.99999904632568E+0000
-2.97390594482422E+0001
 1.93524188995361E+0001
-8.66025352478027E+0000
-3.44281730651855E+0001
 1.85241997241974E+0000
-8.66025352478027E+0000
-3.80884284973145E+0001
 1.85241997241974E+0000
-4.99999904632568E+0000
-3.29089317321777E+0001
 2.11825466156006E+0001
-4.99999904632568E+0000
-3.80884284973145E+0001
 1.85241997241974E+0000
-4.99999904632568E+0000
-3.40691871643066E+0001
 2.18524188995361E+0001
 0.00000000000000E+0000
-3.29089317321777E+0001
 2.11825466156006E+0001
-4.99999904632568E+0000
-3.80884284973145E+0001
 1.85241997241974E+0000
-4.99999904632568E+0000
-3.94281730651855E+0001
 1.85241997241974E+0000
 0.00000000000000E+0000
-3.40691871643066E+0001
 2.18524188995361E+0001
 0.00000000000000E+0000
-3.40691871643066E+0001
 2.18524188995361E+0001
 0.00000000000000E+0000
-1.87582950592041E+0001
 3.53331794738770E+0001
 5.00000000000000E+0000
-1.94281673431396E+0001
 3.64934349060059E+0001
 0.00000000000000E+0000
-3.40691871643066E+0001
 2.18524188995361E+0001
 0.00000000000000E+0000
-3.29089317321777E+0001
 2.11825466156006E+0001
 5.00000000000000E+0000
-1.87582950592041E+0001
 3.53331794738770E+0001
 5.00000000000000E+0000
-3.29089317321777E+0001
 2.11825466156006E+0001
 5.00000000000000E+0000
-1.69281673431396E+0001
 3.21633071899414E+0001
 8.66025352478027E+0000
-1.87582950592041E+0001
 3.53331794738770E+0001
 5.00000000000000E+0000
-3.29089317321777E+0001
 2.11825466156006E+0001
 5.00000000000000E+0000
-2.97390575408936E+0001
 1.93524188995361E+0001
 8.66025352478027E+0000
-1.69281673431396E+0001
 3.21633071899414E+0001
 8.66025352478027E+0000
-2.97390575408936E+0001
 1.93524188995361E+0001
 8.66025352478027E+0000
-1.44281682968139E+0001
 2.78331794738770E+0001
 1.00000000000000E+0001
-1.69281673431396E+0001
 3.21633071899414E+0001
 8.66025352478027E+0000
-2.97390575408936E+0001
 1.93524188995361E+0001
 8.66025352478027E+0000
-2.54089298248291E+0001
 1.68524188995361E+0001
 1.00000000000000E+0001
-1.44281682968139E+0001
 2.78331794738770E+0001
 1.00000000000000E+0001
-2.54089298248291E+0001
 1.68524188995361E+0001
 1.00000000000000E+0001
-1.19281682968139E+0001
 2.35030536651611E+0001
 8.66025352478027E+0000
-1.44281682968139E+0001
 2.78331794738770E+0001
 1.00000000000000E+0001
-2.54089298248291E+0001
 1.68524188995361E+0001
 1.00000000000000E+0001
-2.10788040161133E+0001
 1.43524179458618E+0001
 8.66025352478027E+0000
-1.19281682968139E+0001
 2.35030536651611E+0001
 8.66025352478027E+0000
-2.10788040161133E+0001
 1.43524179458618E+0001
 8.66025352478027E+0000
-1.00980415344238E+0001
 2.03331794738770E+0001
 5.00000000000000E+0000
-1.19281682968139E+0001
 2.35030536651611E+0001
 8.66025352478027E+0000
-2.10788040161133E+0001
 1.43524179458618E+0001
 8.66025352478027E+0000
-1.79089317321777E+0001
 1.25222911834716E+0001
 5.00000000000000E+0000
-1.00980415344238E+0001
 2.03331794738770E+0001
 5.00000000000000E+0000
-1.79089317321777E+0001
 1.25222911834716E+0001
 5.00000000000000E+0000
-9.42816925048828E+0000
 1.91729259490967E+0001
-9.99999997475243E-0007
-1.00980415344238E+0001
 2.03331794738770E+0001
 5.00000000000000E+0000
-1.79089317321777E+0001
 1.25222911834716E+0001
 5.00000000000000E+0000
-1.67486782073975E+0001
 1.18524179458618E+0001
-9.99999997475243E-0007
-9.42816925048828E+0000
 1.91729259490967E+0001
-9.99999997475243E-0007
-1.67486782073975E+0001
 1.18524179458618E+0001
-9.99999997475243E-0007
-1.00980415344238E+0001
 2.03331813812256E+0001
-5.00000095367432E+0000
-9.42816925048828E+0000
 1.91729259490967E+0001
-9.99999997475243E-0007
-1.67486782073975E+0001
 1.18524179458618E+0001
-9.99999997475243E-0007
-1.79089317321777E+0001
 1.25222911834716E+0001
-5.00000095367432E+0000
-1.00980415344238E+0001
 2.03331813812256E+0001
-5.00000095367432E+0000
-1.79089317321777E+0001
 1.25222911834716E+0001
-5.00000095367432E+0000
-1.19281692504882E+0001
 2.35030536651611E+0001
-8.66025352478027E+0000
-1.00980415344238E+0001
 2.03331813812256E+0001
-5.00000095367432E+0000
-1.79089317321777E+0001
 1.25222911834716E+0001
-5.00000095367432E+0000
-2.10788059234619E+0001
 1.43524188995361E+0001
-8.66025352478027E+0000
-1.19281692504882E+0001
 2.35030536651611E+0001
-8.66025352478027E+0000
-2.10788059234619E+0001
 1.43524188995361E+0001
-8.66025352478027E+0000
-1.44281692504882E+0001
 2.78331813812256E+0001
-1.00000000000000E+0001
-1.19281692504882E+0001
 2.35030536651611E+0001
-8.66025352478027E+0000
-2.10788059234619E+0001
 1.43524188995361E+0001
-8.66025352478027E+0000
-2.54089317321777E+0001
 1.68524208068848E+0001
-1.00000000000000E+0001
-1.44281692504882E+0001
 2.78331813812256E+0001
-1.00000000000000E+0001
-2.54089317321777E+0001
 1.68524208068848E+0001
-1.00000000000000E+0001
-1.69281692504883E+0001
 3.21633071899414E+0001
-8.66025352478027E+0000
-1.44281692504882E+0001
 2.78331813812256E+0001
-1.00000000000000E+0001
-2.54089317321777E+0001
 1.68524208068848E+0001
-1.00000000000000E+0001
-2.97390594482422E+0001
 1.93524188995361E+0001
-8.66025352478027E+0000
-1.69281692504883E+0001
 3.21633071899414E+0001
-8.66025352478027E+0000
-2.97390594482422E+0001
 1.93524188995361E+0001
-8.66025352478027E+0000
-1.87582950592041E+0001
 3.53331832885742E+0001
-4.99999904632568E+0000
-1.69281692504883E+0001
 3.21633071899414E+0001
-8.66025352478027E+0000
-2.97390594482422E+0001
 1.93524188995361E+0001
-8.66025352478027E+0000
-3.29089317321777E+0001
 2.11825466156006E+0001
-4.99999904632568E+0000
-1.87582950592041E+0001
 3.53331832885742E+0001
-4.99999904632568E+0000
-3.29089317321777E+0001
 2.11825466156006E+0001
-4.99999904632568E+0000
-1.94281673431396E+0001
 3.64934349060059E+0001
 0.00000000000000E+0000
-1.87582950592041E+0001
 3.53331832885742E+0001
-4.99999904632568E+0000
-3.29089317321777E+0001
 2.11825466156006E+0001
-4.99999904632568E+0000
-3.40691871643066E+0001
 2.18524188995361E+0001
 0.00000000000000E+0000
-1.94281673431396E+0001
 3.64934349060059E+0001
 0.00000000000000E+0000
-1.94281673431396E+0001
 3.64934349060059E+0001
 0.00000000000000E+0000
 5.71826994419098E-0001
 4.05126724243164E+0001
 5.00000000000000E+0000
 5.71826994419098E-0001
 4.18524169921875E+0001
 0.00000000000000E+0000
-1.94281673431396E+0001
 3.64934349060059E+0001
 0.00000000000000E+0000
-1.87582950592041E+0001
 3.53331794738770E+0001
 5.00000000000000E+0000
 5.71826994419098E-0001
 4.05126724243164E+0001
 5.00000000000000E+0000
-1.87582950592041E+0001
 3.53331794738770E+0001
 5.00000000000000E+0000
 5.71826994419098E-0001
 3.68524169921875E+0001
 8.66025352478027E+0000
 5.71826994419098E-0001
 4.05126724243164E+0001
 5.00000000000000E+0000
-1.87582950592041E+0001
 3.53331794738770E+0001
 5.00000000000000E+0000
-1.69281673431396E+0001
 3.21633071899414E+0001
 8.66025352478027E+0000
 5.71826994419098E-0001
 3.68524169921875E+0001
 8.66025352478027E+0000
-1.69281673431396E+0001
 3.21633071899414E+0001
 8.66025352478027E+0000
 5.71826994419098E-0001
 3.18524169921875E+0001
 1.00000000000000E+0001
 5.71826994419098E-0001
 3.68524169921875E+0001
 8.66025352478027E+0000
-1.69281673431396E+0001
 3.21633071899414E+0001
 8.66025352478027E+0000
-1.44281682968139E+0001
 2.78331794738770E+0001
 1.00000000000000E+0001
 5.71826994419098E-0001
 3.18524169921875E+0001
 1.00000000000000E+0001
-1.44281682968139E+0001
 2.78331794738770E+0001
 1.00000000000000E+0001
 5.71828007698059E-0001
 2.68524169921875E+0001
 8.66025352478027E+0000
 5.71826994419098E-0001
 3.18524169921875E+0001
 1.00000000000000E+0001
-1.44281682968139E+0001
 2.78331794738770E+0001
 1.00000000000000E+0001
-1.19281682968139E+0001
 2.35030536651611E+0001
 8.66025352478027E+0000
 5.71828007698059E-0001
 2.68524169921875E+0001
 8.66025352478027E+0000
-1.19281682968139E+0001
 2.35030536651611E+0001
 8.66025352478027E+0000
 5.71828007698059E-0001
 2.31921634674072E+0001
 5.00000000000000E+0000
 5.71828007698059E-0001
 2.68524169921875E+0001
 8.66025352478027E+0000
-1.19281682968139E+0001
 2.35030536651611E+0001
 8.66025352478027E+0000
-1.00980415344238E+0001
 2.03331794738770E+0001
 5.00000000000000E+0000
 5.71828007698059E-0001
 2.31921634674072E+0001
 5.00000000000000E+0000
-1.00980415344238E+0001
 2.03331794738770E+0001
 5.00000000000000E+0000
 5.71828007698059E-0001
 2.18524169921875E+0001
-9.99999997475243E-0007
 5.71828007698059E-0001
 2.31921634674072E+0001
 5.00000000000000E+0000
-1.00980415344238E+0001
 2.03331794738770E+0001
 5.00000000000000E+0000
-9.42816925048828E+0000
 1.91729259490967E+0001
-9.99999997475243E-0007
 5.71828007698059E-0001
 2.18524169921875E+0001
-9.99999997475243E-0007
-9.42816925048828E+0000
 1.91729259490967E+0001
-9.99999997475243E-0007
 5.71828007698059E-0001
 2.31921634674072E+0001
-5.00000095367432E+0000
 5.71828007698059E-0001
 2.18524169921875E+0001
-9.99999997475243E-0007
-9.42816925048828E+0000
 1.91729259490967E+0001
-9.99999997475243E-0007
-1.00980415344238E+0001
 2.03331813812256E+0001
-5.00000095367432E+0000
 5.71828007698059E-0001
 2.31921634674072E+0001
-5.00000095367432E+0000
-1.00980415344238E+0001
 2.03331813812256E+0001
-5.00000095367432E+0000
 5.71828007698059E-0001
 2.68524188995361E+0001
-8.66025352478027E+0000
 5.71828007698059E-0001
 2.31921634674072E+0001
-5.00000095367432E+0000
-1.00980415344238E+0001
 2.03331813812256E+0001
-5.00000095367432E+0000
-1.19281692504882E+0001
 2.35030536651611E+0001
-8.66025352478027E+0000
 5.71828007698059E-0001
 2.68524188995361E+0001
-8.66025352478027E+0000
-1.19281692504882E+0001
 2.35030536651611E+0001
-8.66025352478027E+0000
 5.71826994419098E-0001
 3.18524188995361E+0001
-1.00000000000000E+0001
 5.71828007698059E-0001
 2.68524188995361E+0001
-8.66025352478027E+0000
-1.19281692504882E+0001
 2.35030536651611E+0001
-8.66025352478027E+0000
-1.44281692504882E+0001
 2.78331813812256E+0001
-1.00000000000000E+0001
 5.71826994419098E-0001
 3.18524188995361E+0001
-1.00000000000000E+0001
-1.44281692504882E+0001
 2.78331813812256E+0001
-1.00000000000000E+0001
 5.71826994419098E-0001
 3.68524169921875E+0001
-8.66025352478027E+0000
 5.71826994419098E-0001
 3.18524188995361E+0001
-1.00000000000000E+0001
-1.44281692504882E+0001
 2.78331813812256E+0001
-1.00000000000000E+0001
-1.69281692504883E+0001
 3.21633071899414E+0001
-8.66025352478027E+0000
 5.71826994419098E-0001
 3.68524169921875E+0001
-8.66025352478027E+0000
-1.69281692504883E+0001
 3.21633071899414E+0001
-8.66025352478027E+0000
 5.71826994419098E-0001
 4.05126724243164E+0001
-4.99999904632568E+0000
 5.71826994419098E-0001
 3.68524169921875E+0001
-8.66025352478027E+0000
-1.69281692504883E+0001
 3.21633071899414E+0001
-8.66025352478027E+0000
-1.87582950592041E+0001
 3.53331832885742E+0001
-4.99999904632568E+0000
 5.71826994419098E-0001
 4.05126724243164E+0001
-4.99999904632568E+0000
-1.87582950592041E+0001
 3.53331832885742E+0001
-4.99999904632568E+0000
 5.71826994419098E-0001
 4.18524169921875E+0001
 0.00000000000000E+0000
 5.71826994419098E-0001
 4.05126724243164E+0001
-4.99999904632568E+0000
-1.87582950592041E+0001
 3.53331832885742E+0001
-4.99999904632568E+0000
-1.94281673431396E+0001
 3.64934349060059E+0001
 0.00000000000000E+0000
 5.71826994419098E-0001
 4.18524169921875E+0001